site,A,C,D,E,F,G,H,I,K,L,M,N,P,Q,R,S,T,V,W,Y
1,0.043621208898844396,0.0109891986195864,0.014285457195089142,0.010880499776017887,0.05340783587252454,0.01620549729167996,0.07344562632235886,0.043846016644542365,0.05209478100512162,0.02877256127112007,0.319085542107044,0.027468579573074442,0.05127924730132408,0.05631685744727448,0.00470042441069231,0.03487202984448488,0.047785487041567334,0.04228809527418127,0.02939074027877751,0.03926431382469451
2,0.05987480657207969,0.011815726588004203,0.054144186714636416,0.1825962209275371,0.02599775310265986,0.013563408569656684,0.1488272975373884,0.022698199476419732,0.0487807030122076,0.04683611847788838,0.021261792096068394,0.16259598713699458,0.011559127164962234,0.0109300558725678,0.016022684313254463,0.00960524929252221,0.02652162062659054,0.07439369948505048,0.02155832619891604,0.030417036834595228
3,0.013443864308579731,0.018119515665118716,0.03571818414096091,0.012273499150069962,0.05518536084770372,0.031070510838161227,0.06540343795450043,0.051901339292576176,0.05191037258459989,0.049399715260522885,0.0638846059113695,0.01730906397179651,0.00988841000273024,0.0468988229793677,0.2866993494908218,0.05008350332086605,0.056314450234624794,0.04924278098519628,0.02314694323346421,0.012106269826969326
4,0.04085283644238789,0.008023261325893129,0.015740854675087894,0.033026249485762105,0.012595160881176683,0.06915299084320053,0.19083154973372174,0.08027428918363402,0.01676065275308002,0.05948408447746134,0.046436701325378464,0.015357121361538058,0.01375770792823271,0.117098529437167,0.015827367890696716,0.02964609921559139,0.14439846339769308,0.053873102144991525,0.02524117926618312,0.01162179823112263
5,0.05523081467444849,0.10975472572200913,0.013513806079479293,0.05310321186182648,0.07005738924501587,0.0660061253752633,0.024357559228567034,0.05445549608984629,0.07842238175300514,0.041496336900998965,0.013733153458401998,0.04198196379284361,0.054773486052447876,0.043046175001532,0.044420334438743464,0.07149582543734537,0.08454403749656722,0.04027148932607344,0.01643632681687089,0.022899361248714153
6,0.06802888889034905,0.046905463069908546,0.009110085098504982,0.06432794610306135,0.023437291226025832,0.01614806626760084,0.06665167931708842,0.04453863244944286,0.0720715475125593,0.3141650909421475,0.016381778835856512,0.008123390333676365,0.029491288154030328,0.029415689905728275,0.03792906679059377,0.02168541252632578,0.02143277800374043,0.04698064748430216,0.02179203347868145,0.041383223610376295
7,0.05218369022662021,0.07002158079927236,0.03188539156007336,0.010386518658405968,0.1267784712609165,0.015311993564634573,0.015331350322466554,0.06086869663321797,0.023830213245493014,0.1825638552004917,0.03641876458409746,0.04292860704946686,0.017937517206237725,0.015986429101830214,0.022548605309202677,0.07319897329103335,0.07775588193692241,0.07853887148642863,0.02187349228148218,0.02365109628170624
8,0.03406079226814345,0.13951817831836896,0.032131046410624295,0.04662005123864091,0.017206346973037103,0.01647911499152371,0.02667661724246443,0.05323189141330006,0.03934578667050004,0.052874207824149394,0.07998006189106797,0.015089689462645444,0.020027381705203125,0.0140005427174131,0.1628313064559521,0.03582165293737821,0.047942513524016024,0.06182835589315408,0.02993703507445151,0.0743974269879661
9,0.05953096417700565,0.09531378781286401,0.10587253929084313,0.07873737236359504,0.05561644687339199,0.010586258362643432,0.01596743220557616,0.06671019744405639,0.06983444216430906,0.014942106199767758,0.07552842965847806,0.0878837622620362,0.006001592561374174,0.01727108053978491,0.015123669037645863,0.03580224360777631,0.05752643406548128,0.05156116574667708,0.03140813637910839,0.048781939247585095
10,0.053695070485243114,0.052108507483108545,0.02480832604634529,0.025655270841040738,0.1023280945436064,0.03805687575397046,0.04541452225813324,0.06429778018653154,0.06728995003550817,0.04528424322577617,0.03799236342311531,0.02801734029999302,0.015616999471145402,0.038307793348693754,0.04111767370653178,0.07108322670439401,0.05314917347561365,0.03487558392418723,0.07475157198494727,0.08614963280211496
11,0.026391688373350677,0.06995115663804483,0.012497298378978007,0.0042351606545499385,0.048135637721628294,0.01198787885951281,0.04134486730423473,0.22600206095855338,0.046891741689600204,0.09339965988814777,0.06850667367760353,0.01596454877228992,0.0015925373552910587,0.06822891898235935,0.014062748130451401,0.0640407862230848,0.05947457091205423,0.0511964556029723,0.03242359582863674,0.04367201404865603
12,0.037102765026396665,0.05674398620077461,0.01790549034555474,0.061732992658008426,0.05916334135110547,0.028905600095053025,0.09751135837623137,0.027631544633287233,0.0020144206588303005,0.09242084564666186,0.09299671671997851,0.00950104671373784,0.017261214394285913,0.11495917864693486,0.06764698234734115,0.08444218337523232,0.051346977250154774,0.028196469717621027,0.016631600840545963,0.035885285002263956
13,0.08391052809445078,0.04077868806156755,0.0973855451292937,0.037302703918335046,0.021460046420867237,0.06510004050118326,0.03688083952503729,0.012206879606198118,0.04466285521438273,0.06818093965852345,0.10590210224600743,0.0197616656079373,0.01817981351289796,0.09862926087156547,0.045623096180537774,0.02187817785377824,0.012226417828940335,0.06267678652684595,0.05959307258590709,0.04766054065574329
14,0.10803220951070153,0.01858027247036942,0.019068120260712824,0.011814127691479704,0.05597694540731885,0.006001943392369339,0.014725057464849527,0.008628209139451516,0.027195395809403215,0.018632006481454032,0.18224148989005035,0.009924636296183136,0.06809105443874922,0.014730694469431165,0.05125174533295386,0.24108362068117486,0.04575723445405271,0.020518084464841962,0.022728048228583167,0.05501910411586963
15,0.04197996102409086,0.04514835349520558,0.025108644021825565,0.03825063466277759,0.019249814357634835,0.006364654881669504,0.057592480641284284,0.014419143095140191,0.025272585286465362,0.04965703641405096,0.04863473709009011,0.025902517855620557,0.013754004846613333,0.012211803757139324,0.46036998596834583,0.05284627106022599,0.008022016649982158,0.013641212531344848,0.024434670363568327,0.017139471996924793
16,0.04449131482107302,0.022301420963541013,0.019785772486457173,0.0348484550395893,0.04515315007272694,0.033474340752518164,0.0166000268322063,0.08919025390245361,0.03498782943393573,0.029303251162498656,0.03471808618881667,0.0829857033937687,0.05485547439099379,0.09548876051230482,0.08386935137937918,0.01848816100159695,0.09287321415407758,0.050877039852606484,0.03966109570621811,0.07604729795323784
17,0.007246287528745299,0.030799293391476402,0.009692686147914254,0.009465348103091418,0.029378339282509325,0.05002801833165746,0.06861141788297388,0.007059837491339848,0.013770093427434685,0.04767290770595363,0.01397854034514378,0.23578523525745682,0.003864237697281564,0.006098362299979146,0.3380587725967044,0.05125740182306647,0.018687331038877483,0.023724756797460923,0.01888298184280502,0.015938151008128183
18,0.08894019125410481,0.011346909050904137,0.049933739994194926,0.2990421363043084,0.01741788575384768,0.04683636580202401,0.007882614882366334,0.009245564063465588,0.049510882657599266,0.0127385391313995,0.03449322757549485,0.018715366352283998,0.006847841356357133,0.027270006681155128,0.11091715243760732,0.027189271819336096,0.023976107716292924,0.07087428141932012,0.0728513440140877,0.013970571733850022
19,0.0074791401104631885,0.04928140071053824,0.036279325771954564,0.04315296862843692,0.02641192296025117,0.01003844402999718,0.008346892762851988,0.30620883772982893,0.03520371796857638,0.08608732537974938,0.06870649549792537,0.08347341586826672,0.0043079441952108425,0.02646048824952145,0.010959318409833496,0.007508110447816999,0.0497547307793605,0.09167235725783547,0.03138172663902635,0.017285436602554886
20,0.02752141028979705,0.14650295934140714,0.005638933343272578,0.007844364878839435,0.04688231817002867,0.006071241680035462,0.016255620380827274,0.19925711501184706,0.004392560145766239,0.17348195801926178,0.2004054621104946,0.005125008541031539,0.02482155488101377,0.021356866100732067,0.0238142831135614,0.002261217322102814,0.00284144834262341,0.055326094450504675,0.017613237074121536,0.012586346802731564
21,0.06805347938459805,0.04829948364139213,0.06838067895476801,0.032950568887961496,0.03272784502741343,0.08085424320044843,0.010871112549121648,0.021567436222165216,0.07394281031271789,0.09896187559168143,0.03380893525730475,0.10382357531457215,0.002518829229996016,0.03953789863893614,0.049657043883641235,0.03009470502488864,0.05166223732975055,0.060784353208601725,0.05331916020669096,0.03818372813335009
22,0.04799696595472077,0.009758379417294837,0.01791760612080102,0.04785252170487962,0.047085241088374544,0.0472881927811932,0.07065768122845234,0.08193402156094605,0.10507225898259649,0.021743264461640127,0.04840481653976566,0.023047461667028226,0.013261037537528378,0.030956257532789022,0.08261948898587225,0.06765932159787115,0.060890676310581024,0.0595914348909453,0.0728617409361636,0.0434016307005564
23,0.00855482756505602,0.16342559540816595,0.016135391642853807,0.014189858816894583,0.024043454735254297,0.019250399410784557,0.02446771031448588,0.10967518885878975,0.02156567246178215,0.0012611088129267124,0.12688320136323372,0.04967165861889625,0.013510067280994418,0.01637241829656454,0.1161484284695518,0.01926447068336435,0.14340991321520236,0.06385512522733554,0.029556786213175906,0.018758722604687375
24,0.06481017417772052,0.005640130089938643,0.024448437811165496,0.05418015776916816,0.014887401993354853,0.02480748090109638,0.029514296385769422,0.04074711939187675,0.01893779425547669,0.027216421513439962,0.042022230950573454,0.11607339277054084,0.0328055027668751,0.08884934480294716,0.029011420240085472,0.06108190870488329,0.21493386050418423,0.01568651634596354,0.05108588995595509,0.04326051866898497
25,0.01951131267779572,0.04178260530265609,0.006231724967527176,0.009036209347665644,0.02167189314982704,0.012020589391557038,0.007593143690815814,0.1933064198412324,0.003928234765127406,0.1253711074665867,0.05748533531771261,0.005556433913008266,0.008448947830619398,0.015004830488694398,0.015757947787127472,0.033049986057313976,0.04308405306596251,0.19568592078481126,0.06458498581166751,0.12088831834229159
26,0.045270157251938024,0.0368321600749561,0.4157152116740647,0.04000641698464332,0.013119016132748462,0.017147199610481532,0.0297567667928625,0.04560712274069698,0.04068217584429149,0.008602264131327428,0.0188090397937934,0.11949496971488088,0.0052412656468269,0.010681582741446278,0.013891173271759004,0.01832056609784687,0.02306552666133942,0.01603200431514368,0.03364102061347519,0.04808435990547776
27,0.04342944570117473,0.025385888108927213,0.03512750622278663,0.008838383636925759,0.022564707596299537,0.013023606727872018,0.2976087129669232,0.029378801078839053,0.021507720302288928,0.13862613704832508,0.014741783405156167,0.0481480238019149,0.010912641917017362,0.020695511850467713,0.02820695011775356,0.015214805649532957,0.06259667233673698,0.09944425590341084,0.0314209960109796,0.03312744961666773
28,0.0180387261402241,0.13477256165052046,0.019125835906024746,0.015118424491149899,0.0797050162987573,0.08225303518853298,0.01786466937394686,0.04882027517628899,0.09224057612542472,0.006070560587666165,0.19469589813331878,0.03719800131057838,0.014904410175477304,0.0280020852754175,0.0059357760717077225,0.07515778400749466,0.04932443337659091,0.0203306315306455,0.036085737187594336,0.024355561992638657
29,0.1157772016835605,0.044233454169415765,0.050963352479830505,0.06987286493279234,0.06851409213610105,0.024846983111555,0.06708789813911316,0.022219371006664018,0.016103851135727997,0.031243010425786616,0.024634131428745317,0.035464699919214124,0.025286386226423707,0.03770790582129308,0.018697392569845844,0.04557953503658002,0.03581970611249865,0.049878793054968014,0.0320205127408677,0.1840488578690166
30,0.015094883493334935,0.10944012615519808,0.009185608219660637,0.024368746069763428,0.04469015150017301,0.0174452691969921,0.05597398443147421,0.2288269674295122,0.017296794694454203,0.1654064978913616,0.045079369495658286,0.006217072521888724,0.02558404891062746,0.021693798923735907,0.007836243732112667,0.012833856776730554,0.026939994820353932,0.10909877344697941,0.02627186351151551,0.030715948778473164
31,0.10967490860542177,0.05367858634640768,0.01654881089272174,0.003334461569931593,0.036869281457274646,0.0019936465931987817,0.019687973852659094,0.07767947359580722,0.009752065161716967,0.20911193176471302,0.08835767010798894,0.029537559243377757,0.001967173281085244,0.05885399972695397,0.0040202856125491826,0.01659013207757436,0.12184838796282779,0.116775687980053,0.005497416479995651,0.01822054768774157
32,0.009910357801982028,0.041220266407957146,0.0481321676660189,0.05887701341731692,0.0639947904236239,0.05235614373386338,0.07103327149243854,0.0902342166855549,0.1004339618374399,0.024988708233509793,0.01939290595875195,0.04014726891546302,0.005446621468379693,0.0064536031114382384,0.06752463176299438,0.022365420331596456,0.011050862499685392,0.08677291529755148,0.04651745289910824,0.13314742005532573
33,0.022088316463711722,0.04055102275849979,0.049687534036364375,0.04515575198233344,0.02475731757421831,0.019739231200052477,0.13671506418352813,0.02549536784788539,0.16600953879463953,0.08875311236600526,0.08368219526574233,0.02131010727597808,0.009468241666185716,0.007844372569830445,0.09192626189039665,0.023992873012094088,0.006673368841797679,0.05839696778120101,0.049063362979369717,0.028689991510165897
34,0.02580575101393232,0.0242423975083948,0.06942989095924294,0.021468699881020483,0.06201624898301194,0.02198520831352555,0.08564344584864238,0.06035209473749179,0.03767987580624741,0.02477565346484798,0.04498786359595108,0.06833759388953017,0.03659151378684244,0.02435092242179348,0.053299752280146405,0.04347720852743931,0.040941449083580196,0.03278996071643222,0.06458269386608596,0.15724177531584113
35,0.01561983233260838,0.009760389125999925,0.03915473021762172,0.007549179339582047,0.021770719492468404,0.13706863541391076,0.034893728758724124,0.02851470772527714,0.04579616395867586,0.023915330983447378,0.021587910152678035,0.02187741501970691,0.03253830234512657,0.03184984732762352,0.04833547603894517,0.17647708204103174,0.25429313238549367,0.012399756199087756,0.015928538540329475,0.02066912260166148
36,0.029409161897446467,0.022920332845671482,0.00631581145197071,0.027403495076189166,0.11269097814213949,0.07286536622263988,0.0536214178256872,0.05453969037005686,0.02401872735638929,0.04835042702453442,0.04029949761887457,0.03513263555489093,0.0073952715503056024,0.09429104241193921,0.005870629440976649,0.13786322129271295,0.04717229917088635,0.025644974409285204,0.13372312002157435,0.020471900315829236
37,0.03552841255195864,0.028571893712351863,0.02385685923711057,0.026208399848585712,0.056534544047752114,0.08790224062710522,0.06416921858118647,0.02995848416656714,0.0021215606874602014,0.0334613830487508,0.048127006502578465,0.05107903162260491,0.003276651472186829,0.06120527001001403,0.04397137791070195,0.06005231159754353,0.039860402862996275,0.07081178068267789,0.14066445635866343,0.09263871447120393
38,0.048222986020704135,0.010582376303404072,0.023213155111521545,0.06769013092986179,0.016801397704642878,0.015710054413560486,0.013581570272588817,0.05248124621441057,0.04087613938638749,0.028720529072108137,0.016672025072997407,0.03931812276992954,0.02105681333302735,0.05108836380588632,0.4125760626823434,0.009520031187689737,0.03075501204496088,0.05721628959635675,0.021339951368276065,0.022577742709342638
39,0.0320091104395204,0.12417812803631177,0.02833660069253697,0.014610453128934596,0.051930219430413475,0.024726505302687208,0.057201947749722766,0.06851723028710781,0.04229559319678976,0.03153404187289485,0.02059810289739358,0.08300665238192045,0.014918270653308759,0.07552804999652542,0.04602405138482683,0.07132016568869404,0.029713992748087618,0.06698523991288383,0.09204548077532443,0.024520163424115483
40,0.02822467105055189,0.07296082575603281,0.07455468128104362,0.2755272477528932,0.023503317359137608,0.028025672077338554,0.009608216057686131,0.004916164306494675,0.06312773334594145,0.04624086904562409,0.018732375242770726,0.011422795223889948,0.037160462254746736,0.1006312107708893,0.009306944498463952,0.057104751021599634,0.010742964451445434,0.020465631557126857,0.10066709040327221,0.007076376543051183
41,0.02532114591722907,0.033672681592362884,0.06416203663309882,0.03561541278717333,0.04264298064213938,0.017598470552437163,0.01527786384119986,0.029671165585425586,0.43143260206150635,0.044029789122407854,0.03889093975675836,0.04441096824363839,0.02692488430160795,0.019953676729954507,0.029898316642586638,0.019013391291361693,0.014532901751265774,0.014674461878893845,0.037357269242030165,0.014919041426922403
42,0.042291721331440456,0.04312945043637337,0.03286068782031449,0.008961163588323905,0.04612139314779519,0.02469055347181914,0.0585193516085683,0.02623844648194493,0.08965054953331505,0.03066824173373248,0.016199271040396732,0.1948857522618939,0.008458904034013049,0.2162579221989955,0.010945379201934599,0.031185459087223494,0.02001108385237091,0.04781112063359463,0.022927097280352537,0.028186451255597406
43,0.09133588985249814,0.05152479994043297,0.023954877244618183,0.03511186489286762,0.018684343531091843,0.026159586609094,0.11773205816817035,0.041347059121609235,0.027850206298865057,0.025911859216861684,0.0466807596763699,0.019356401591115038,0.20341765052244024,0.0388197447597807,0.018353664444490075,0.06444314815639324,0.044258711859885766,0.010868498214361005,0.06422222521097233,0.029966650688082644
44,0.12171870132471006,0.18440515326779397,0.01082381357249446,0.051330178058216186,0.02286521149941055,0.05220052216761824,0.05330893808182908,0.044862870096754943,0.014339133880070286,0.07427886616588168,0.12316060298713019,0.06883603536552259,0.0054248185086771955,0.016645041615445187,0.04072307588405786,0.04647924413781793,0.021870363789711605,0.019718121678436323,0.017245565565174936,0.00976374235324671
45,0.012521970107794794,0.15311083390570124,0.003480474695212808,0.004494358618774431,0.05185178506201049,0.002944446686487727,0.0026125046161615396,0.2665307640176102,0.005921610434225475,0.11640922311975191,0.056320982250914656,0.006067268052779812,0.02381543533215915,0.009714156378440935,0.01004791084082035,0.013270648184860926,0.08100346548455784,0.15249361075808698,0.008235681192409425,0.01915287026123926
46,0.021968311249807467,0.010873668448825667,0.039304881487610195,0.010625870830466863,0.16190991216897965,0.02088181526692362,0.011518537948323082,0.010295396630911885,0.04594183538222257,0.017214630502683015,0.048926072868288324,0.022312282629336398,0.003791503377612109,0.019751196031510897,0.3831049483979772,0.042839280634388015,0.047475456305364955,0.01161179137697254,0.02444280161965638,0.045209806842139176
47,0.1730391802275848,0.0863194110092016,0.005681924844212258,0.012573956529485513,0.008147928149179074,0.030859737894611907,0.024833219812243547,0.04999811027903052,0.013286642878969914,0.0770771598038823,0.22576845519841518,0.012089753134950011,0.020492237554908754,0.09425644995507067,0.007973034643918466,0.023631165985576186,0.08607407727327257,0.025474989760493356,0.011021986456898841,0.011400578608094573
48,0.0181879786368458,0.02497555518556233,0.030123838055152025,0.022025379729733677,0.06426301146784497,0.0391915419293824,0.037948651205389275,0.04979008672714027,0.21105358661622003,0.029310859808440365,0.05400433317960977,0.03301687992043867,0.025667604266321753,0.08009185166743692,0.051379799403994605,0.03227768303708664,0.025996632633007125,0.05739679464192643,0.10756333841342028,0.0057345934750466674
49,0.01479868396271632,0.05143633806878918,0.04150143351947046,0.013356328757978585,0.015497907752660675,0.04286593790766936,0.03443227237393033,0.031123177377564922,0.014088077913026239,0.05589389377763444,0.05385428957399294,0.014031610975769871,0.006099817972773728,0.014072780887282718,0.028353567564668482,0.01213118144203878,0.015555565661961148,0.05644417494125895,0.4610851946195316,0.023377764949281173
50,0.043036957175797946,0.022703147194726256,0.06134289027131167,0.01852136583459558,0.11246982240130722,0.15700364043017748,0.04935089720815635,0.056012461615731264,0.018931666877552454,0.028548810589253428,0.12260923507919597,0.046888388283213844,0.010217494915465431,0.0554074723790893,0.01771040180228437,0.021817327634478276,0.030531126692506263,0.018080056792292555,0.09920284277441845,0.009613994048445854
51,0.06903817920817347,0.07368487567742206,0.007028439980394225,0.06691468431209953,0.059540392268475226,0.03493477871081316,0.02161829295097198,0.04457026933438246,0.01706263045728422,0.16437106740931476,0.09640843103854367,0.04949865661294973,0.014853372744428557,0.10338423734161788,0.013031702239254005,0.061572852012467476,0.04020197311857265,0.02433474862651537,0.030009692714371233,0.007940723241948293
52,0.08584272467962437,0.07330319913926578,0.005231578793833173,0.05121512545734821,0.009315253796017602,0.025206600553395714,0.03135194408523885,0.011853351712074902,0.026002960742676082,0.001360474318008909,0.04379651014515477,0.05535908019259657,0.026638850880117474,0.05536080243650859,0.0053291996816779395,0.301343310659853,0.040316047674460426,0.09346416151981703,0.04767349198271598,0.010035331549614628
53,0.0901719751698201,0.020161176652259593,0.04715135171396834,0.009224384040817712,0.012039393635078601,0.16538682267125748,0.10038455030775739,0.057465358136241776,0.03133064627438675,0.03590385617602601,0.10625490270263735,0.055082474025730015,0.01603044124986834,0.047201128128037624,0.021328084798763778,0.040730045844563134,0.0538888930519228,0.030124672300432052,0.0168139689184056,0.043325874202025556
54,0.041478028534383024,0.08878939915596235,0.005794244250356706,0.04060119234400351,0.053049757997658535,0.0157652785854176,0.040264922917957344,0.04462765163922725,0.108563666972342,0.045657511308253296,0.02091695357237885,0.04685736732141833,0.010058367810535176,0.04648719795211582,0.12505158820331497,0.022582051141145264,0.05122462301515636,0.05968243030639078,0.02026362778264345,0.11228413918933937
55,0.027042800318404715,0.050338572382001484,0.015299742745245468,0.06945769586230444,0.06866646317006522,0.02199702793840041,0.10241063148104594,0.036135562578900875,0.014659252948556533,0.026430194037482535,0.03525430590683821,0.008885935651606244,0.0032142250211924447,0.06143503565221669,0.0653568121718192,0.06409915971978786,0.08073212821200244,0.06468588090757287,0.10069120611579688,0.08320736717875954
56,0.049671085748149914,0.03579856822058856,0.016404656265408643,0.007747595965673595,0.020394367473428092,0.01692370024366979,0.01033245931102394,0.06219756427994281,0.012675999845451636,0.11619871555041955,0.15451376928283636,0.05480962950133,0.13004794047742294,0.04993373743782936,0.005702811840788366,0.08506993295319537,0.04682028865930239,0.08218444971762706,0.012739934604779304,0.029832792621132358
57,0.08745508947313131,0.02083095688184496,0.004166333690052288,0.01689078948894357,0.06860434136878678,0.09463087166800192,0.0411844866557662,0.11975100889859115,0.026821386707702493,0.12275945432222872,0.05280195930489288,0.011678175146373551,0.008902510998986615,0.019822774581010352,0.0032385071948018967,0.0569019535260628,0.0866391551297112,0.08837705911554869,0.03951749904922621,0.029025686798336357
58,0.06181656567595867,0.21039059934312554,0.01074753106994492,0.004884760951334973,0.006386481927451452,0.05392077060040746,0.0033252724412795144,0.08591075612436042,0.038871127270332755,0.01661347322256846,0.019622015381861892,0.03480124556880957,0.009839202283242792,0.02399666762407162,0.05530914067589866,0.07939903330280743,0.1017726078220824,0.16766152220760014,0.009751260335687191,0.004979966171174152
59,0.19560211268286,0.09197448669054047,0.007107284364815811,0.04658080836291507,0.011052289622890865,0.23572909854991048,0.0261212265921464,0.04420781177051867,0.01796784741966531,0.020146212201429235,0.0418934687940348,0.02378133758304361,0.04218943452272161,0.014606416304690025,0.018136540151569337,0.04935134044994937,0.048390798379600974,0.022137053759529166,0.029273194280606346,0.013751237516562407
60,0.028121468865742377,0.04592984141317188,0.037449587816349966,0.039135114733612954,0.025350868896924863,0.03580400723340772,0.06113194661131081,0.030744833736059,0.027156145686520018,0.04511417337465561,0.0299333116434303,0.05593641001724594,0.004462865348419578,0.1708503644709393,0.05165514692005242,0.02721828002868782,0.037914851204721295,0.11985719529383844,0.0812501432269832,0.044983443477926495
61,0.03303578743747395,0.08639046214413901,0.02130963014566661,0.05697885481256876,0.028154193881748203,0.07607876995944737,0.03999321713210774,0.016269019426864543,0.06774984289291343,0.02419073345648953,0.034370375610734846,0.0468648596831731,0.058000401245743294,0.08108225848006792,0.07773309738951198,0.05996466391698034,0.0777436776334353,0.018964653569474372,0.05087819003154853,0.04424731114991121
62,0.02357979113915638,0.055883992634455454,0.060772223529944144,0.023122321241504113,0.09186621474396392,0.028012248203082686,0.055901322522008016,0.044112095975081214,0.13578654059340076,0.07346811342603156,0.03563796850314574,0.047737794997928955,0.0377273225563987,0.014442936377926978,0.08293518992577985,0.0419605039470947,0.031227438462304725,0.021112792277348635,0.030885066872430825,0.0638281220710126
63,0.06706744554747865,0.08544517002626462,0.04249153977553102,0.010546044316633479,0.03442638416202618,0.03231308440611376,0.04624450749600208,0.11478677151884244,0.03278278531388211,0.08151141783833026,0.042774683564610096,0.01234084022971432,0.036487505395666094,0.030941613390107085,0.09738450809602504,0.06797744392918245,0.0649196445260479,0.048585929133309703,0.03161535570102579,0.01935732563320696
64,0.08992262287155436,0.09435399190301709,0.03801792194039433,0.04582971707310728,0.024352885650264996,0.06659441109964052,0.05611985162132445,0.02444522674310076,0.05311661116656582,0.048408729919592636,0.06298805768154075,0.029440628316291094,0.0522879906748924,0.042861358490411575,0.020072973311701253,0.054369249779273376,0.06076199324002149,0.05322202365923469,0.02245776248302892,0.06037599237504219
65,0.03545936229462775,0.01865250742221695,0.05000530191080271,0.045314021902064294,0.05527834521279667,0.027488770663616446,0.04146040036177482,0.06762186177921062,0.029140596741463326,0.05493627264433411,0.06290770930221957,0.054605298751670375,0.0605464573847595,0.1016458281857418,0.07536670584952002,0.046047275557831294,0.03205904649470153,0.040620953187236464,0.032772942583094135,0.06807034177031758
66,0.01878219627795203,0.1404879191249451,0.029406417645802832,0.007937685511728961,0.039850043638877584,0.02917682557128987,0.043142238319634284,0.05750301617045622,0.09984614871647349,0.04245301694995598,0.038380960938960075,0.034752834519735105,0.018396365587707044,0.024474018877939673,0.016883901502258287,0.018230078420414814,0.03776495800623737,0.06272950605246375,0.15858854069840436,0.08121332746876321
67,0.05217173504416395,0.07976182492546556,0.01526945154280298,0.12574177996276112,0.06844726701889442,0.01610593699756173,0.012871235499080853,0.11163217781364085,0.03430930351990442,0.05566766486533865,0.04236458534727685,0.049056766595425745,0.02373279567060944,0.07868905002634029,0.01301955351431523,0.05650498381008518,0.045624714046880996,0.03714323901462027,0.02097981953426563,0.060906115250565836
68,0.03451398951575323,0.12501684364078122,0.047042925281068626,0.03405454047766762,0.008309826072337425,0.07196765715238833,0.047019877217373225,0.02351160146446102,0.04013189707813147,0.042120785054017194,0.08262583899191159,0.10156318531318771,0.0696045020849209,0.0350079008825325,0.04397376235582961,0.07754314512201715,0.05335617246232383,0.02115471047483918,0.023654155270529772,0.017826684087928365
69,0.04123254195785901,0.034088099882674604,0.051499482004663685,0.04485547944767074,0.06840638488410751,0.10825184826693773,0.03636371065849351,0.02539653555142346,0.04882434521795211,0.050299229603609476,0.07360524098474895,0.144346860029986,0.0247636461395957,0.03097085417462173,0.005218155140010319,0.07784866107087053,0.05780694287902019,0.028636401890075422,0.020335921684862233,0.0272496585308171
70,0.04868649724356027,0.05077046815960182,0.04034933489071362,0.04215284859466692,0.026079604319148433,0.06615856751707942,0.058873172439578465,0.029941146472392058,0.019241522609977545,0.07792746098217435,0.04601190272285983,0.09321821162741285,0.011997641024395106,0.04633294142534549,0.11202093527082123,0.05002060362308974,0.01889744756297018,0.02314938792828821,0.07592951094555635,0.06224079464036806
71,0.060170242783070316,0.09599653058732097,0.051040763306109765,0.01773257902111302,0.011893918822798307,0.07693518271578303,0.07100268854605195,0.042092715869085466,0.011313992175110496,0.03130100801384164,0.023784711378743835,0.1271605406070371,0.0052891675292906885,0.07347219457894519,0.014026492591037675,0.08357941159119216,0.1108638118107438,0.05239815148188884,0.03010909100616818,0.009836805584667544
72,0.0364175033967821,0.043238197803777606,0.03000777405915761,0.042417487753739345,0.054207958618999325,0.05870780040308913,0.03893971599074772,0.04524211747170029,0.07894381738119972,0.03368828650350582,0.04178028679846263,0.07968720741123791,0.11450112554510074,0.041607908454074374,0.042113122604287165,0.03164903746701456,0.04303283600268093,0.0728211039530065,0.01467669117114317,0.05632002121029333
73,0.033679214305565246,0.014969116753079223,0.011209406300175799,0.009661310989067917,0.019099338865135446,0.04140225067640417,0.12147396419427707,0.05413351241732359,0.10396952730602868,0.022908067054131884,0.05969277448358805,0.05434138492550293,0.10198775095857195,0.05679508585650878,0.06827132873331485,0.05203744753609006,0.03305552857677209,0.052561913514865465,0.06605081049598782,0.02270026605760897
74,0.05324429977153824,0.029659744063076816,0.035676987761792796,0.08683981908277422,0.07888697072179209,0.03729558704963147,0.05293434831912029,0.03302294887066756,0.05923027422862032,0.06089693729938408,0.030020798231086197,0.0518547128053004,0.013269236560910974,0.03865984238298979,0.052862612062741406,0.0426744506164008,0.02644990220005091,0.05348004702539227,0.15483906622699137,0.00820141471973799
75,0.03160233846375336,0.026008488172889064,0.02446271213198767,0.019802012505192278,0.04068954076750252,0.04830098703536501,0.03552598477745006,0.06464467921740626,0.05268057828912556,0.06949208377093936,0.031652377713144594,0.08435226760400147,0.007195153858510946,0.04808931716878983,0.01678988585053775,0.06327888679944332,0.04900228307051963,0.08797442697950822,0.1150662909496418,0.08338970487429126
76,0.06453457513245481,0.11700294436077993,0.006363108850444797,0.037803688453014545,0.06721314966742974,0.06396587802001905,0.056000691397065615,0.05279265858358185,0.006007380865038365,0.0493712504902118,0.02756454121988272,0.05005147579901304,0.04343488518223746,0.025635010133630176,0.023521534986422107,0.062408931021059745,0.04891946068979815,0.10830233535987638,0.036622474576646545,0.05248402521139314
77,0.02036519273935497,0.06658182588256045,0.015231421014313299,0.008046817018826985,0.19442255661089955,0.002870456532119318,0.033053372602933465,0.10091883833062591,0.03029474067634485,0.06048013220288194,0.13591156632872142,0.0919700620059043,0.02068675770469611,0.05589360736113207,0.02482888416054948,0.005833462021279881,0.013882069016098895,0.04559301580987258,0.005421145994404322,0.06771407598648023
78,0.09273130153732692,0.04722648901114023,0.01159661673075077,0.034655207906104483,0.09624751444512664,0.008111382998457463,0.03840697216973237,0.023438326945208587,0.04714353851569224,0.15420720072461166,0.04522718429569843,0.02604788555192527,0.001823332439415664,0.017742022996914682,0.09826190283555614,0.013919155111713466,0.03381824011722246,0.063786948666668,0.07838196381867396,0.06722681318206054
79,0.07828674095225041,0.030903249670932286,0.05747250440791117,0.008404092713903747,0.04787259541998673,0.04884128239259086,0.020208491145325844,0.05606903602155445,0.11046810391638448,0.03537971240273467,0.0821163899927873,0.04104924528300328,0.005547322413312827,0.024154387282059365,0.057518841772088276,0.046282768667515545,0.0672974402602897,0.06713543961896125,0.09415289641212587,0.020839459254281954
80,0.06312347877803423,0.06244121008094961,0.0177465165777845,0.02738201848580239,0.029777972975717926,0.045714623768984934,0.0988220944717944,0.0719575600726208,0.09157262912818641,0.03714726005042112,0.050730833386180486,0.04590880073518816,0.039973929811022074,0.038554175600553436,0.078435673336679,0.044953495265526416,0.018348191441889844,0.020474773505742384,0.018924521942769106,0.09801024058415275
81,0.04596569088880571,0.1598465724701219,0.014960862332933289,0.011637363047605227,0.03634038170476266,0.05570664781309265,0.060062722412976846,0.0379685700112499,0.05302635458360286,0.035705621477163496,0.044137318551130546,0.033937683541555935,0.002602605584789945,0.045406737032822636,0.05054021446853142,0.030445401499485387,0.046686282426856074,0.06505702240024443,0.1044077114213818,0.06555823633088724
82,0.03426267117375165,0.08207056516017013,0.00726398472252466,0.01680287323623109,0.04223577234403719,0.10061831205331485,0.02686666364696849,0.030258568436580476,0.19540874808744316,0.022933261865993548,0.03812972415088593,0.04079336002440684,0.02313639223164291,0.054547114478800576,0.03183777629829333,0.0878011821305435,0.05597045812490933,0.05271803245506667,0.017404147251326347,0.03894039212710933
83,0.009628446477250436,0.017493658551141506,0.41270333720912367,0.03405676929927334,0.014201747695053842,0.02771849571055824,0.021408467383547316,0.008194901926494648,0.009815954485382474,0.003326337490471025,0.06973624176471836,0.09206631819060285,0.013908726842347978,0.043272866850661104,0.01871317712853229,0.07517998769678093,0.030084766104915617,0.02704643702964756,0.02125060816889708,0.05019275399459967
84,0.2021794511056812,0.07055654262465405,0.04972731192816887,0.008002783437152277,0.010316303990451857,0.03791114421115262,0.016520320160447147,0.020230399595582604,0.008245733105421985,0.01585019390923772,0.03225415258375309,0.034789855841835415,0.18879072571255306,0.027214273129629384,0.02329496574845879,0.14281815712823803,0.037618375375694964,0.017181063888894482,0.048388667821946105,0.00810957870104633
85,0.11098435172739841,0.048615319578205606,0.014872262886752167,0.042542262026646356,0.01880528305675006,0.3262293440885829,0.02628741669532981,0.02420004869947468,0.019283358387065897,0.009704539251906456,0.08940965632743443,0.031593797500237816,0.022103150483633396,0.010195008179158497,0.00735680697980444,0.04566584724353832,0.0479567818803483,0.049600825676555334,0.02338213195382632,0.03121180737735081
86,0.05408210632343536,0.07604047432707733,0.011293148024408419,0.003674672242593135,0.024121591918650726,0.11211418731226656,0.01688277510787308,0.01714671518583116,0.0248066250442697,0.009444180259513626,0.02957178808877963,0.21217031738157358,0.014375862898771501,0.08512840298368533,0.05321114402117875,0.11357985287126203,0.056024184890264596,0.04343564162203992,0.035663282321671264,0.0072330471748543275
87,0.046137598670777734,0.038645600489094455,0.04403696541168604,0.05367988690294588,0.05858093817376398,0.023100918276398194,0.056650465101545866,0.023331772931589608,0.05863112238574095,0.09962746601531754,0.10908051697117721,0.045873863725236275,0.01926119472491102,0.028405813815234784,0.09382372336979884,0.04059248570714882,0.07154000224177054,0.024233517624197988,0.01015973963976168,0.054606407821902556
88,0.03340449604436074,0.051382258709478934,0.07524580951166346,0.04046145308896945,0.034406689988664065,0.025527995614907546,0.027514505581180317,0.013727710111588564,0.05187165607490733,0.05000778188355773,0.031249767692858116,0.03979740207586223,0.017222807448350873,0.05340501540276997,0.2750686876272462,0.059430947476137044,0.004852366542083649,0.021917574477963768,0.06099292835947001,0.032512146287980014
89,0.02641028300257737,0.0795524384476792,0.008604886179886842,0.01670378242664447,0.17526965394488492,0.05356864115053266,0.021285696381551252,0.07234683414547788,0.03248740861433065,0.05774651629853821,0.04680600630710287,0.028855121481856556,0.03737793981325969,0.01729750832922249,0.03638304978398963,0.053881141227159084,0.04201285556083806,0.0750087043227875,0.10682839455541225,0.011573138026268416
90,0.018614718481026676,0.0867436601377884,0.02985440951950958,0.04093194116111749,0.016398547316841528,0.0031644288942305004,0.0849322581101134,0.04716626668976592,0.06054977488862973,0.027751140369577775,0.1119367365078755,0.15814502300988711,0.0026020719995900666,0.07466119405899746,0.04023199314285179,0.040883595830905235,0.04163299438327552,0.049506776209093536,0.05311814409007545,0.011174325198847335
91,0.037549670941052264,0.20369066809107467,0.006019228273520987,0.06109312987047701,0.0156414187289174,0.03932800371590066,0.05352517417953102,0.03677528495040854,0.02058701918589194,0.09576275996287452,0.04261801860708548,0.03324053085571071,0.0022424617458079586,0.04761860399314564,0.01010004277382976,0.05304604235020684,0.058753525763631013,0.10474855161419032,0.03337460789962851,0.04428525649711477
92,0.04387598104167931,0.08723144952297845,0.019196791643171132,0.021953430248858926,0.006606541172453106,0.10898645191229009,0.10570201845608405,0.012875828799362853,0.052952465372749204,0.014822703515850324,0.0502741142091771,0.04890095840846407,0.06630857026809532,0.04246766845159759,0.030242821468579244,0.1183004607746439,0.10790289499263668,0.019276817740739093,0.03414554491628511,0.007976487084304406
93,0.024615293339032014,0.03796625427544965,0.021435133369611326,0.02125573698887543,0.042017281164082376,0.006996101614235424,0.05070985783830903,0.028743898228217234,0.05317263286105755,0.06565587252449746,0.07980387185396344,0.010979104437054445,0.06671482387142318,0.04305293630549686,0.02653161067844182,0.06184264449959173,0.07015843495084645,0.08017472788438247,0.08030566502841838,0.1278681182870137
94,0.03842153093671218,0.1665978119592679,0.04830992975987353,0.03014789837342767,0.019367800784097413,0.028180767726827725,0.016494222454617288,0.08491562266354534,0.027702219372926,0.061624312532442875,0.05191019595971818,0.04223691764962021,0.018685660336234953,0.0896546241557247,0.0530094736368505,0.026338591152839676,0.043530336681031234,0.028377868105982737,0.07477018880421235,0.049724026954047575
95,0.11313589285589662,0.12904692063712633,0.05433222436043887,0.007634018641988878,0.010514744350858432,0.17556850835166118,0.023951102656405234,0.1497573573576423,0.008560947899730493,0.03743385732583891,0.0451233359949345,0.025703388302764307,0.008363423053009888,0.005553740344227966,0.004435232493403018,0.054787051179469665,0.03833063141912547,0.06234697302281447,0.03835537680066156,0.007065272952001863
96,0.07107247550146022,0.20286554987978025,0.028085724677853675,0.059448674142204665,0.013479732898357645,0.03320796425534248,0.008455898141672528,0.01938647038153351,0.009948219236296033,0.02352531683395399,0.03488102445012902,0.03045775677800094,0.05824689897049718,0.015614730652036363,0.004680703202143231,0.010915463521625642,0.12763848052914123,0.21666197861249203,0.022188578995511948,0.009238358339967447
97,0.04673182867163234,0.13954514855020325,0.024357764284384086,0.017627074701626826,0.011477092073153205,0.047570728240700036,0.0089226992030514,0.10152428635047457,0.047400954587941385,0.0521662901349256,0.01992074058333526,0.06163860427001945,0.03026612063161005,0.045428895670341155,0.021047837995098722,0.1107850507802937,0.1001081746969665,0.07955536762788061,0.0224770231281228,0.011448317818239047
