site,A,C,D,E,F,G,H,I,K,L,M,N,P,Q,R,S,T,V,W,Y
1,0.001849351453278214,0.00019410323310398668,0.0002151984228128003,0.0013623393295129926,0.00047007797087938655,3.631467605951499e-05,0.0008745443845726589,0.00432954005254489,0.0010478635463997093,0.00514331128571802,0.9619766435604596,7.755874092077304e-05,0.005917892874101151,8.397817464054069e-05,1.4395391273030613e-05,0.009012905259667936,0.003964860109635395,0.0019369154706336102,0.0012381358563985714,0.000254070207387135
2,0.0011308913674120205,0.01074703459667472,0.011683247559645435,0.25195415032645474,5.1502329779374404e-05,0.0002550713432980922,0.10862266654777199,0.00031922947237755415,0.0102658683463292,0.00037326155363650784,0.04969849270241535,0.4603697580810514,0.0001115758110343675,0.0005321180429699398,0.00030803892951815684,4.8997172582132435e-05,0.000155212434204388,0.08417667129683612,0.006642201916541951,0.002554010169466567
3,0.00020578036835075804,0.0013652524466683316,0.00285021150645125,0.0006695570528872875,0.00020325323439404115,0.003075277065714928,0.0017607657198117734,0.005058922897539549,0.006505806231222142,0.0015851803504602843,0.004728031920586597,0.0008101183011433978,0.002116285617820646,0.00010923734513011218,0.9605831022356413,0.0005873380729558243,0.00021233036571569207,0.0019066951257186724,0.001879129812675232,0.003787724329112264
4,0.01203015085001836,0.04048060629868435,0.0011320177256474678,0.0007601534159711055,0.0037257545675937675,0.27395001781840134,0.009941147869798243,0.4088712937898509,0.011682551941093631,0.022500000703142127,0.013443053630646433,0.07537193889477102,0.0006488867676089643,0.04075842364135969,0.0030544842217251787,0.0029506528879731982,0.045360507462481055,0.0311051273954171,0.0018467235132520949,0.00038650660456414603
5,0.0015152087433533785,0.044284621707973405,6.6834075723948e-05,0.017685910491715643,0.046131817455311495,0.03362040677651196,0.002173729847786933,0.024759018562006078,0.1562327755597142,0.00632763960724805,0.011666354137345184,0.010382671945899289,0.00011957071735981572,0.6165614397013325,0.003910944048282669,0.0019480847498993,0.009986245179638378,0.0027665906534204846,0.005052608751021095,0.004807527288456141
6,0.0003104174553692254,9.586130529024705e-06,0.0002967353750306702,0.035748329488995076,0.010848501283695427,0.0029230742769849635,0.07582662176286668,0.11764413678375525,0.026367901836908913,0.09166926280847144,0.021090809931111,0.0013152657440005631,0.00014120491127951607,0.5083561230884273,0.02132323691165589,0.011524857523157156,0.012269890983525173,0.060644216668971004,0.0008203695029719258,0.0008694575322939448
7,0.05086438022767165,0.0014332681279583602,0.0007352165589775532,0.0014400640549224579,0.024567276649828926,0.016777134297386267,0.007568019651017398,0.3620809800789977,0.00026913667806610604,0.33123648661769167,0.0108721983073325,0.011317478142691805,0.0009723978683275782,0.0021277295359280533,0.00018436391537955023,0.00011849783144084015,0.06125104153518875,0.11513724425099905,0.0005001501702183949,0.0005469354999753819
8,0.0008879065516789583,0.0013802684832872067,0.0006545498288285112,0.0048339247138935145,0.03217160919233996,0.0051485157305016065,0.0033947001788793892,0.01949073631433848,0.01795011257909673,0.030964720379840893,0.005753088750095127,0.041872589078824754,0.00016003429592447075,0.07450068043861638,0.5683447550373294,0.0018048595653436343,0.0004849197162642943,0.006674875479587383,0.005401682066155405,0.17812547161917386
9,0.04926632366122191,0.03485979428630304,0.18285619115209942,0.4236937891904792,0.004019888142705751,0.017828611710014024,0.002556807604115564,0.007535650200248987,0.01713290337859139,3.123071047844635e-05,0.09302950766099623,0.12933538128793423,2.133951081790872e-05,0.0004797873136930301,0.0009276027506009194,0.0006137370344946666,0.01829497239437218,0.002896765952771905,0.00015388142873351608,0.014465834629327497
10,0.0060375896216597405,0.0008692307168232654,0.0030991270991800658,0.00955791917997126,0.01918082276740554,0.0028944063981330764,0.011515587207279758,0.02183246232898716,0.053513936661710095,0.010105183839228104,0.05238588061347129,0.00019513740264314011,0.0021359475933288895,0.05663682501965288,0.0153240737715554,0.021450279144148078,0.09031470432327546,0.5623601785023298,0.04813236680698623,0.012458341002230977
11,0.0010371893088325335,0.015219160536441888,3.735696533652718e-05,0.0029770099502349407,0.0857414539375387,0.004788569651308601,0.007979588524851812,0.03417727690282178,0.011237418010822073,0.04715795678527198,0.021205760099601494,0.00031052938928337684,2.4516198849331776e-06,0.0015657016648804485,3.1989824902273484e-05,0.002401267776469328,0.042500238515147115,0.2141885661132151,0.002932673199750627,0.5045078412234045
12,0.001961721504954291,0.007506323538671338,0.036900078653726714,0.026272925958571787,0.006460680539085179,0.002276057417433565,0.003904934425852635,0.03858683425233253,3.825499393088307e-06,0.37420107415213594,0.40559871427885164,0.0015649880080009222,0.000474394016709306,0.014748810549908778,0.000616204276481297,0.0593096852543323,0.011940533589005545,0.0011279535414162837,0.0012264095264660042,0.005317851016670839
13,0.005414064778047386,0.0012285844910268893,0.010511416992358,0.10608381105230545,0.0018495052634191203,0.0017084201052625805,0.008960921227887293,0.0015579412005672884,0.02140082082917244,0.03755144105331979,0.34525413923675613,0.006504845417421805,0.006571505347080288,0.3946173530505368,0.03517255604452758,0.0029544359335460864,0.00258322941466994,0.0016251095517618402,0.003660012792600203,0.004789886217733126
14,0.006758691168565355,0.0019517765530218166,0.001236486006487467,0.0019904381952514684,0.0012164975166608918,3.834765242421171e-05,5.5154870750532734e-05,0.000263737987270945,0.00019807677221862506,2.3792841913449237e-05,0.0038640460953429504,0.009539761536486661,0.0200911791205616,0.0004121221598678066,0.00022307574618192445,0.8839428425403246,0.05536230607519504,4.121408586702111e-05,0.006225610953736859,0.006564842121870856
15,0.05394674825131385,0.0028807108008203435,0.00022382135438860556,0.000524595261472331,0.00035589405063742507,0.00015194971171109234,0.0005120119057369684,0.0001690240408684181,0.000550209080578999,0.0035620629092722113,0.0028752731298712676,0.00020408109130697966,0.00030674733378031313,8.199783946647949e-05,0.9155027951476349,0.005699626573342375,1.9001246459359797e-05,5.984613906365149e-05,0.0005712070395301385,0.011802397092744376
16,0.01375934832322756,0.0057374378826876085,0.0030499982109220922,0.008929771643885974,0.008567500954993304,0.012411263536850238,0.0012427565082959305,0.22803038680359017,0.0014261369001408702,0.07345839520269072,0.4945241026494139,0.034183227508196565,0.008393091694696635,0.0036194050510348443,0.002554070847042381,0.00021498195586705507,0.05899612066519939,0.030001394298543697,0.00021195812654200278,0.010688651236178912
17,0.00616618439411798,0.009488761598580754,6.026977735791152e-05,8.327740734289365e-05,9.863486200320756e-05,0.010728762552655747,0.015696874194146802,2.0885375282817786e-05,7.861188559730524e-05,0.00589454490490327,0.0002937415682969929,0.00032240032179750583,1.125371919413868e-06,3.341131095962786e-05,0.8339649080221295,0.0047860927917241555,3.3363987209280224e-05,1.6306403780158166e-05,0.11078436929754197,0.001447473972652507
18,7.654023221378548e-05,0.00018626800451403318,0.0027350845546829433,0.016210838138585905,0.0009283875141046953,0.9653481826020059,0.0009355309260639685,2.07850977061538e-06,0.003278869593503575,8.084094887675803e-05,1.2615693985630873e-05,3.0999481090363666e-06,1.7461907573264228e-07,1.9549001236027162e-05,1.6763365687635465e-05,1.1460487595763369e-07,7.1076042260666e-06,0.0003238299977553446,0.009814227242226074,1.9896898500099257e-05
19,0.0006514065785588679,0.04194237763776301,0.0002056482733079951,0.0024942005585346845,0.002604632961688418,3.5313654823834485e-05,0.0055217769480643795,0.5094909445622346,0.002077677457369275,0.0005933460081762014,0.011016630748630015,0.0001496301368528273,3.069431854349229e-06,0.0002761353438551236,2.000764808024555e-05,2.8850725009443062e-05,0.12165513167456096,0.29504420966600603,0.005783578600419781,0.0004054313842100037
20,0.00020166227740763952,0.054853940000353624,7.86230350795532e-05,8.273611784186919e-05,0.005334441628826223,1.1998479494225452e-05,0.0003808530639504938,0.48490618320878526,7.466419054936576e-05,0.4011668728463264,0.050479916053979446,0.00034758300107614275,0.0010012327024710348,3.489445134306852e-05,1.0686229107365807e-05,2.2802981918571862e-05,5.777243620675082e-05,0.0007296459509948277,0.0001627310237993119,6.076032048877658e-05
21,0.00031425012596041204,0.0075308061177764085,0.008962424574665267,0.0010938509665152384,0.11368619828416392,0.06627191786920711,0.334430666229852,0.02530728519623071,0.015169835046245923,0.25627684446501425,0.0006890963083952921,0.08603645005858468,4.5320327695822427e-07,0.027501867335994787,0.006884586683721587,0.002642980952791827,0.009430708309773207,0.006364428750482573,0.021962203041500688,0.0094431464798472
22,0.009102155207925688,0.01956380335423419,0.0006243988233873359,0.026653306402059145,5.7811632666318124e-05,4.396059935076258e-06,5.964429926283377e-05,0.11307849323849457,0.0795532716681047,0.0009692391630820022,0.0210318662713278,0.056920119780897865,4.93521189242023e-06,0.0030299521665207805,0.20641644562160677,0.03756997882602857,0.010395454812496643,0.20517078812699288,0.20942978702754853,0.00036415230553595875
23,0.0010684143660844231,4.560776488318678e-05,4.485651380624722e-05,0.0019007777415410083,3.57315336777286e-05,4.664751088682836e-05,0.00014908097423284948,0.013496281833348613,6.956909151057037e-05,1.7587275952135877e-06,0.00089544053041066,0.005671479385561078,3.980322520366149e-05,0.00033316472263920997,0.06812151339930198,0.0012396190077336652,0.344410101695478,0.5604149890427835,0.0019706543427395282,4.450859058209475e-05
24,0.003978029041260743,0.005422237148078743,8.004928763171825e-05,0.01618075792192835,0.000949624171486862,0.05677221977531316,0.014423077547032542,0.0011138869163154679,0.00012129760193918495,0.0006961572466543947,0.003853697696483555,0.3033869115469622,0.03090606463537042,0.016752287890959016,1.5911883932271126e-05,0.05298215977880768,0.4838375946949741,3.6404936238442424e-05,0.005685690375605098,0.002805939903026043
25,0.000215553736949628,0.009914838805229143,0.0003583062075631058,1.5949838098670812e-05,2.9165092722650622e-05,0.00037103138984408536,1.3212665905904387e-05,0.5171629690887375,0.000178904084373628,0.028901670340700146,0.0070519387536125975,0.0005638301574796037,0.0007816801649378593,6.4013422843174e-05,2.9229888426680987e-06,0.0008076694490792046,0.09038772924779045,0.34211955589966686,0.0010169907568961007,4.20679087271564e-05
26,0.0005554793157193505,0.00025839283648961567,0.9728323113397526,0.00019550995564476622,0.0003546588946133427,0.0003449437210356295,7.916332210951587e-05,0.0005907429441809674,6.138900343665582e-05,5.726975805115196e-06,0.0006226503199267284,0.01740046226461806,0.0015194764723713875,0.0008992757414581132,8.207293801018095e-06,0.00015701152241962016,1.5866030076811887e-05,0.00025908238372429615,0.0009473960119034072,0.0028922536509131016
27,0.006461338185589479,0.0003104879346777541,0.001049372422450713,0.0046573802556613185,0.060275265575901384,1.986818855866938e-05,0.6464160244355414,0.025166026229324328,0.004125693016543434,0.146580861407924,0.0012893661030009716,0.011706570620093091,0.0010125491394590794,0.0007840850450919709,0.0005792322532488668,5.7728220346599237e-05,0.0006733815737201985,0.086700061385107,0.0006470055557863071,0.0014877024519734366
28,0.0033340482292515557,0.005171062752475829,0.000197965283858459,0.0005361012994289434,0.006516583136445532,0.13377505206905468,0.004123716020542323,0.013713942075364688,0.02314649444424578,6.339178269495583e-05,0.7136511575812576,0.05453107706509821,6.363562353821536e-05,0.004111203226851489,0.015832924521577432,0.014541170713839294,0.002282084230666556,0.0013172303825743589,0.00039906261486227616,0.002692096946371794
29,0.14010932470903864,8.125088804427288e-05,0.006976324112144733,0.014462724239788184,0.008826519623539314,0.0003507757010036989,0.04862651104074777,9.074350953171506e-05,0.0018668962735369572,0.0005384532689025383,0.00013214024249256294,2.0147852682138434e-05,3.224265054410022e-05,1.8472113564768224e-05,6.367899167366266e-05,0.004852171349018056,0.0008936511579174195,0.005555051245356366,0.00017138563148932058,0.7663315353989837
30,0.0004008557549704765,0.15966741233215148,0.00013704766446069624,0.0020773612756317572,0.0002656622086851328,9.938012220724316e-05,0.0010657534412897977,0.6552595524871834,0.00019593086783648825,0.042764882138760126,0.046924547383472626,6.147693720129378e-05,0.00012940545614542164,0.0015502720083966645,4.804108592881567e-06,3.1453580080041597e-05,0.004633866509420573,0.04021404147197982,0.04423456921301534,0.0002817250385187811
31,0.14846131851317307,0.0012118960982736072,8.224450712172215e-07,9.486090140031146e-06,0.0002581322578663102,9.094772244876388e-06,0.0008203977190927909,0.006179176811988439,2.8206992729543345e-06,0.7453334631673689,0.06172794343325885,3.471983396495283e-05,2.5365880238077156e-06,0.008069806099484815,8.605781493385521e-07,0.001219511118059747,0.010937361187987243,0.015362029932241977,0.00035834561916419424,2.7703517281096624e-07
32,0.0004854945378435253,0.00025739535833077824,0.0014855155648943843,0.016261108406848458,0.05252971137235608,0.01044446669725258,0.2812742379411069,0.12817038610017953,0.41585644356086343,0.007226023782193742,0.05227844447201668,7.786381094601997e-05,3.56229495650535e-05,5.493520889785799e-05,0.0012170906517250824,0.0007296672243750056,0.002149328541408947,0.029110022950053653,0.00014806746105461207,0.00020817340808751699
33,0.0028513763892669543,8.380191209258864e-05,0.0006605763543668748,0.00789329513687776,0.0001232884728247379,0.00045122957221720617,0.0003250271378671823,0.0012199645769840955,0.40076577690127146,0.01140443706421815,0.03417259048103316,0.0003645506039892131,0.0008574731639617065,0.020993798644096996,0.3197205715159115,8.704336547908856e-05,0.00021939471412802183,0.003990077252835775,0.17283855565780623,0.020977171082771206
34,0.00018607373184176992,0.01704065240986548,0.0004362710301112691,0.0010150766360969808,0.057104816375498545,0.003341519960129622,0.22389263548484808,0.03243521061558595,0.015842691740111048,0.003514320461285752,0.0017829503752507592,0.011338836878216078,0.003259481893235774,0.003910881641087088,0.03464520773446616,0.011682135425979148,0.01068419555054693,0.029212111697057806,0.12609701708202473,0.4125779132767609
35,0.0011802082527272051,0.000612047889797975,0.0003445653679916597,0.0025214119896274415,0.000334372003090046,0.024761565168224534,0.02890101423210168,0.0030496179297921444,0.00428610493424265,3.377867827601639e-05,0.0003455756514730789,0.0005195031927198109,0.0003557893262843354,0.0016421207680875087,6.0314262489845566e-05,0.5288616654142346,0.40099677571347997,0.0007178820621198312,9.798628584253434e-05,0.0003777008773970399
36,0.00022673129935746656,0.0035124017382815744,1.6071076736090148e-05,1.6045269481325607e-05,4.0724444474156196e-05,0.0047979916066701695,0.0031197687949164523,0.013154192980464097,1.6558848961741035e-05,0.005318097303902696,7.726373308856928e-05,0.005163137325473125,2.7879776618569267e-05,0.000533578448250561,7.93702311424257e-05,0.07844053385716233,0.0006525118712810823,0.00043852516813371116,0.057750057008596346,0.8266185592170074
37,0.06001799895538423,0.0015749997661881861,0.0014308503299508178,0.005741417277648931,0.03051136336132099,0.08796414297608056,0.2722080602865793,0.0038986863968464257,0.00013241474299348295,0.012169467105657528,0.003206285933662238,0.0010308759491339603,2.8163125412317792e-06,0.08924632983394713,0.006701650144633007,0.23339363421986864,0.024929544061828783,0.0036076891099497735,0.005619932066830426,0.15661184116895432
38,0.0005652062157089406,9.921723190637528e-05,0.0007497620311012595,0.00034444107738741724,8.781394148732347e-05,0.0003591108203013512,0.000502123028576259,0.004606490827309963,0.0031908252846630327,4.6517175377222024e-05,0.0005562839155717928,0.0015624081038037284,0.0004474125655330427,0.03785662467125282,0.9468928020952482,0.0006537850335305497,3.261210483838824e-05,2.9280820428444753e-05,0.001091193739344708,0.0003260893166293904
39,0.0023983655298437908,0.04094347629509896,0.0019587726389698984,0.0011526680043430328,3.322273148009822e-05,0.0009506732275261322,0.00893601822241771,0.041615239534164565,0.002281394436216794,0.02140948454141833,0.00624215334052883,0.0148451881593464,0.0011716553378175421,0.17256006004471247,0.01665415280734147,0.553671425609976,0.05029934318745751,0.020428695257791077,0.029122013360409257,0.013325997733140136
40,0.0069219106725820715,4.627699863375676e-05,0.00325188449298381,0.9765250673837406,5.2463173424871065e-05,0.00023536123588519225,0.00017667156217502622,4.159135367144506e-05,0.005117580768605093,2.9782052508862297e-06,8.863985302359893e-05,7.33093376538846e-05,0.001157023082213546,0.0015086047118967154,4.628474152379908e-05,0.0022666587577420336,0.0022311192568557217,3.132566966889418e-05,0.0001857190131720275,3.952972929721979e-05
41,2.5818437621463514e-05,0.001915607550710245,0.004938086295883963,0.0015409484895141312,5.5316801856613555e-05,1.8799593388851447e-05,2.8454499179461444e-05,1.4417120890443175e-05,0.9875087106850334,2.8021398834252864e-05,0.0003749844264870028,0.001564766706526328,0.00031726000511509664,0.00016307781017381781,0.0007464097557360391,0.00030911942362997843,0.0001311413629948593,8.251877284476606e-05,0.00019863229823765524,3.7908565341564846e-05
42,0.0008074854232894663,0.009236097764399976,0.004192069045805367,7.866003046637656e-05,0.00012348287842830802,0.007703600147081528,0.023737630706224075,0.0009642299165523489,0.0025300097332901584,0.000651967393179072,0.0018298874828477725,0.3471417543253878,1.1940500032083974e-05,0.5512300555172656,1.3204394025731316e-05,0.015487620978294623,0.00022193962399437653,0.03286399652740139,0.001113246222083991,6.112138995013444e-05
43,0.00544624761091964,9.059652474998841e-05,0.01620870710342546,0.0004337187246504671,0.00015236343022335852,0.00039425577599542535,0.006650950167364011,0.00040164181327238184,8.096426951173128e-05,0.0034843436561184404,0.0012642207679353437,0.0001621846425192995,0.9141963234839289,0.02457934004259181,0.0008179862834015723,0.007596153554540866,0.0065765226108898895,0.00235330878360814,0.0027891750508758687,0.006320995703477686
44,0.5579751119213451,0.011086268119291927,0.00012482069922041195,0.013565486446850131,0.000765947037446228,0.11934829301516087,0.0010146373854927392,0.00804517286144763,0.0010565895410806526,0.20214841456569035,0.03360753203891732,0.00037433299373993307,0.00016250054133134213,0.0016976893636055615,0.028540407015991066,0.013117657798185248,0.001445256072098733,0.0024800317843259477,0.000844521334749843,0.0025993294640290435
45,0.000690522457509072,0.002831590491551107,9.900966103507842e-06,2.129051835565689e-05,0.00731825164344909,3.2384563688868233e-06,3.5475968859578716e-06,0.09676892053314567,0.00020192439356671746,0.05113369829115586,0.004833375710318168,8.845636602987821e-05,0.00028914077792995186,4.021686029110206e-05,8.205919039394106e-06,1.750755822530516e-05,0.05713051385590141,0.7774443175692735,0.0009997079829991518,0.00016567205190067013
46,0.00024332219020200817,0.00022176831329464777,0.001265734691528878,9.94996174498703e-05,5.849654342496743e-05,0.00033238994532730606,3.819020179049754e-05,9.807800789479288e-05,0.0008436906426355069,0.00034260381185221623,0.002649817861002254,0.00010163843015117215,7.220779404796206e-05,3.557305709965859e-05,0.9876824906578543,0.004052063737250188,3.964670626916122e-05,8.713509862713251e-05,0.0016265459529682023,0.0001091067393291451
47,0.05038304047447138,0.19054449963184902,3.143381538070726e-05,5.9992887690397545e-05,3.430949354418477e-05,0.00041319958197654367,0.059805074654840515,0.007352840242637623,0.00023641428589673213,0.0007384934713847509,0.4521793602102022,5.31415943688139e-05,2.0509960554658183e-05,0.01817447598179609,0.0012674561737846862,0.000996464909087649,0.2172116970694664,0.00038136784407209886,5.094624962606704e-05,6.528146736943791e-05
48,0.005383573924305584,0.0001301232116702703,0.0005300364262027367,0.0022269491531245657,0.005199565643773088,0.0007744958831556167,0.0017417927786887795,0.0018162083968225275,0.781545412787059,0.0009199987207270675,0.06638775429145329,0.017132362759276404,4.3829922126587304e-05,0.1082103483424499,0.001527631733755621,0.0007313914001256444,0.002345054956435431,0.0026560655395301085,0.0005833515568912463,0.0001140525724267497
49,0.00012086413485601055,0.002220767096954854,0.0001365196902840477,0.001979004274319028,8.975407875046009e-05,0.00016997539151936234,6.20817525594045e-05,5.4584400643052836e-05,0.0012146436498672464,0.002193935200258475,0.00031493389101740037,0.00014569792243308074,7.528164523975141e-05,0.00031205418490101445,0.0008895356589473135,0.0007081552810118111,2.5869606580387836e-05,0.0001044418818782368,0.9889580742849655,0.00022382597301363983
50,0.700393224640618,0.005163044950665391,0.000983837762220296,0.00425299856753535,0.02246965846807462,3.613217771080898e-06,0.0008543070614543932,0.013924989507589303,0.00018528856262842525,0.0355862631196943,0.15548655725668648,0.0002762938683549961,9.168671327565098e-05,0.017609993791351773,5.4211747673061775e-05,0.0010905087765923306,0.006569911969795536,0.0014995595038653985,0.012559311936776884,0.02094473857737674
51,0.08947988959019301,0.047447031326086624,0.0004505681188659261,0.0011627205189215595,0.007002416804845997,0.00011042033510073395,0.0862017835420812,0.015039404737821227,0.005855003741525089,0.22783314387251946,0.13945393221102798,0.0010449624369254843,2.1682727571641444e-05,0.028134014658447087,9.737436286310485e-05,0.0044762878350934005,0.0030883926939080397,0.026031042991625,0.0018590213407055575,0.3152109061538717
52,0.14570277781799676,0.002981980870887809,4.7490775816584594e-05,0.008028610532352175,0.008558171323408158,0.01302930883721976,0.0007270199672596935,0.0001848931706932833,0.004274852962414553,3.938925221076444e-06,0.0019050661648408445,0.15501507998319905,0.002790051893738065,1.885739283536318e-05,0.00010355360845848644,0.6262623500417436,0.021170965262362465,0.006887346543511131,0.002056612226088021,0.00025107169995322316
53,0.05814435059484566,0.08628547784218632,0.006822804922773488,0.0004467140249842208,3.212566285456431e-05,0.05693595535069549,0.01872064665394926,0.024488181744201264,0.0725731137382924,0.038111694181752614,0.2365628340288078,0.004672715114790483,1.7681612784563244e-05,0.11163086959299325,0.0012178672261088127,0.1544274246830834,0.00791847895534393,0.0029752408594632402,0.0031161089745257837,0.11489971423556342
54,0.0012899204500062998,0.0023995155247046596,8.335842880208535e-05,0.017671532893355466,0.15335585631355914,0.00012343678291414575,0.013824499776101059,0.02891272510754586,0.05262389370124483,0.030202537794372535,0.0022555226582620575,0.49987962248710427,0.004890087682425833,0.006790107881590213,0.08876609076458476,0.009419229513951497,0.002500639780201631,0.08060049134184896,0.00325223235427239,0.0011586987631523687
55,0.0012606200788650482,0.030099884663152582,0.0026775291473938537,0.0011635651862492832,0.007062945338002385,0.0036003255067978157,0.0747641264398146,0.006749688082110739,0.2119521187444255,0.4126152709458619,0.005513378752150782,0.009499359598814655,7.23715146912795e-05,1.402069180582356e-05,0.05741460315902469,0.0392829809633976,0.0013574281578624535,0.005684773837734012,0.014487048529276379,0.11472796066256856
56,0.0009395411384903594,0.006938960907424104,2.3526905117733013e-05,7.047849984851124e-05,0.004738813808553013,1.8397849251205604e-05,0.028148452295477897,0.0020882230227543797,0.00017262049798661243,0.7205521902368438,0.023615497078967308,0.02197601370990844,0.12795152518760608,0.016833892178267938,4.0680475243159465e-05,0.0025755717848236176,0.01367444224526498,0.016353485304194636,0.012492518953700963,0.0007951679202752671
57,0.0044920523871697345,0.0003431773090804561,2.9766818538977554e-05,0.00014152696532361206,0.017052323203771095,0.2729879061236796,0.012804247658653926,0.23455072991209377,0.000611451911877019,0.08209911703770768,0.19577447242107385,0.0008506124605619488,3.0428065031487202e-06,0.004945204004034134,0.00012887212902843053,0.033148668049594494,0.051287762675077855,0.08848328864164516,0.00015870238002878723,0.00010707510455624039
58,0.14943298235048846,0.3423903668169235,0.0010736291434924475,2.5383549772127665e-05,0.0010017444729191684,0.005856125432326716,0.0011503710395922774,0.014116010088515407,0.011591703160855697,0.0007249547820798401,0.028154765062310485,0.0024902964067919932,7.892198699306884e-05,0.001080729861430865,0.001705347461384821,0.07636208414298011,0.33493197532467456,0.02585160493966495,0.001608377939650464,0.00037262603715314366
59,0.7614377919076727,0.0010806134831231036,0.00033202825256380044,0.005295453229127283,0.0001287049020703243,0.20317557058516672,0.004953863259103825,0.00960220881560381,0.00020575024311101723,1.0295510849213079e-05,0.0004903265279324738,0.00018208162519657274,1.4266866346652443e-05,0.0005821951926549968,7.181879261160097e-05,0.004472472605719842,0.0034352629972721526,0.0006733557044457731,0.0018566519037968446,0.0019992875956312928
60,0.035054589190070096,0.005083375543787954,0.012285924563242423,0.036641175814617996,0.0014482311359916634,0.06118982116122478,0.001230919868950014,0.0003854120469472546,0.0010663314614953242,0.0040556213286536864,0.012903365521044876,0.029705952670320977,0.001156943164057236,0.014683822708390682,0.7530433118820988,0.006235192609564797,0.0024187296238687146,0.0021785173671938847,0.0037260662562423118,0.01550669608223644
61,0.024167550451718832,0.004417348577563966,0.0007083547407610131,0.020166223145309765,0.05773839807662185,0.07480304561595294,0.20963344915819382,0.0015265887952570357,0.16278387830845864,0.04142187725591517,0.00832088846077373,0.028741081218720668,0.0176152925069615,0.01591279398951362,0.0625351930213429,0.06694065338425498,0.008597085904066317,0.07218314905760789,0.06612209083808532,0.05566505749291998
62,0.011494246906676053,2.685436514971575e-05,0.0001675107893876791,2.8650564867424626e-05,0.0034473256820955244,0.0043304394627639445,0.008962341800652066,0.01680714497448218,0.28449063831017773,0.2568594009179657,0.000633435179205054,0.00379025428287645,0.0020071253042576297,0.001482717583101372,0.14764744165765653,0.012381713946977955,0.0032086534232104178,0.23579693959800346,0.0007520018861902478,0.005685163364302746
63,0.0243022059056212,0.35531003470129535,0.0005315973001192429,3.1301116726467776e-05,0.0015057599642726125,0.11195067752991092,0.007000312239564189,0.2641613666194458,0.010400655194030566,0.15573719281475493,0.014759700873616917,0.0013445147948582738,0.00018145048761317701,0.002380753630100615,0.007827619301744903,0.010428705366559782,0.0017064442346629682,0.02113179207874199,0.0008093511566478947,0.00849856468971209
64,0.0625024926010021,0.0003307024543620887,0.1613374650013546,0.006923665722492643,0.01490737518724456,0.10753047581820903,0.007131512930238958,0.050772077921432616,0.001960140106011095,0.004256622201705055,0.05820817735855706,0.230025761770285,0.053498396497309864,0.10408395081788004,0.001644549049536026,0.008209995747880497,0.058129734362475004,0.04710534066990349,0.0039219143235960175,0.017519649458524387
65,0.05021696032797623,0.0001189148519923705,0.027715201286963625,0.04131463848838617,0.0009756057535190589,0.01605812218196254,0.07977234894382729,0.0028595030998313,0.05608296541689142,0.03520757894792227,0.24265806068210172,0.11367697412212811,0.010287878930834595,0.014782482372086785,0.15589177914843064,0.11928565109144817,0.013537883846222067,0.013513454356512751,0.0024736718682761864,0.0035703242826866676
66,0.05105686981500524,0.0008955853646754431,0.011381819927203253,0.0002342684082217734,0.00661568224289087,0.014825578841441199,0.02523367533171914,0.01578994670198677,0.060818275864825154,0.007830519817519614,0.016841338504213696,0.0006208911144515395,0.0002357928281109822,0.0019039943921565071,0.01912305498302974,0.005321913593707573,0.0015803059339433599,0.7452433666112998,0.014111457353245248,0.0003356623703532168
67,0.1496389153206668,0.6194847673681263,0.008882722819744157,0.0010394951474968898,0.00257670418086796,0.001357558386551837,0.005387320239563894,0.06634696737308403,6.394145709658656e-05,0.007353631532581053,0.02295084169296084,0.0004985330167590963,0.0004298653684751665,0.027453771735077976,2.5423083087406672e-05,0.02258636937954161,0.038060126307446165,0.003060589195154796,0.0031330497168958393,0.01966940667882139
68,0.02127772924874428,0.09075882224736119,0.0014281320977181195,0.04766223518951303,0.006031101641219142,0.005011718521767373,0.022967496237978415,0.012120076561800584,0.16563321088919775,0.0029325125682194276,0.18271188927659335,0.13969913502119577,0.0718121903143513,0.10576861708961963,0.03311631467507608,0.04903089824617654,0.01632496914155192,0.021318963309184907,3.527529136714369e-05,0.004358712431364077
69,0.005975955256623713,0.09745244892905369,0.026986622378210715,0.020092756305408865,0.012992081833773367,0.14528367547410018,0.018430336613530048,0.0378200450953381,0.01946809107033115,0.028459990652600197,0.00041854863031681576,0.04055195391390781,0.0059461576489908035,0.0028374438117374353,0.006619607475892631,0.007662768598758733,0.467070678306514,0.048018671485518895,0.005270809539095409,0.0026413569802976717
70,0.0069561717045596525,0.010631171666503621,0.0178047568684897,0.02885543690396356,0.026782023317941033,0.32563801187495045,0.04029058305414892,0.014936196300074693,0.0018474048338916616,0.020952435910940613,0.01907786614665787,0.017956101609356234,0.001204292230245373,0.18416500116366882,0.16698833387186449,0.016349600517175964,0.020499994502231587,0.06287250132547101,0.014421831745219972,0.0017702844526448157
71,0.00017212095841148242,0.08702688319196544,0.03128763569484181,0.0015968858023207595,0.0019306118683799633,0.0930480237622918,0.00895749455995076,0.07223049400409699,0.001106092061035801,0.014573561297228076,0.0027339023387929462,0.20383955902757303,0.0004130782218990141,0.006675024997927264,1.871679309900429e-05,0.11895004037097266,0.3477422375071548,0.006776541209152868,0.0006819185992234763,0.00023917773368204194
72,0.1331629804398129,0.013579093965043563,0.12088330874661031,0.019657442603509632,0.008401788502062765,0.049228643237732135,0.0017550789192199215,0.014195889893660704,0.3590060446847396,0.023212208117950904,0.0004235859624617212,0.06030988575851091,0.01055309551553048,0.044064277618218795,0.028026572693198658,0.025732680235482707,0.0575150752898965,0.02870421264323604,8.669557290747418e-05,0.001501439600214155
73,0.005214445998428631,0.01965709950091635,0.01587700856932728,0.002734487215821829,0.04943161037679935,0.022484522650128607,0.26934730777232313,0.05316337261763007,0.31980851153255413,0.00037204405022088385,0.00739390286172856,0.07781209971912992,0.023839364732658356,0.03263667262179443,0.007499944117879386,0.013799369263821883,0.03984618150710161,0.02321697065910377,0.0004533426262461638,0.015411741606385523
74,0.031574669543313,0.051927375294458275,9.075054775456807e-05,0.01148293579130811,0.0031836120750110743,0.022585761598394368,0.3418400723846806,0.005440567042637796,0.0018735533846520255,0.02430185017638301,0.03688777357606181,0.03869949173385583,0.0018243542422080102,0.00755394968608046,0.030797745803459075,0.02931558275342522,0.008817796280487367,0.28438668658143773,0.009192283413037586,0.05822318809135403
75,0.1527673936495926,0.09216962364805777,0.0004267769687661659,0.009828908314033201,0.10680893051879202,0.0167768730741333,0.024832585898838133,0.2396354383860123,0.03718718408015375,0.06111042797415709,0.014952010038067065,0.0535030825081994,0.00028730792774982216,0.026088892328477324,0.007700805471833244,0.002424214336369991,0.01835548073164582,0.016646793652765914,0.028443565998389014,0.09005370449396609
76,0.0379914073358681,0.247984088200996,0.0006244140186393292,0.06610205031271776,0.03488858684148218,0.0020124774919755913,0.0003997511597573097,0.008361175306138582,0.0009351032331650216,0.1441833402215965,0.00037333392408747283,0.007816220042394987,0.005135611666759776,0.005130607281137959,0.009629304747260417,0.028285104483740924,0.013945252304248439,0.09441104445729177,0.28698255726097943,0.004808569709762625
77,0.030290515394100524,0.0035454507042670413,0.0019977883288887564,0.000852665079284435,0.37475911489755354,5.20765512566641e-06,0.063740516966046,0.018724171294403902,7.770005724399943e-06,0.04726395082480796,0.21219772156539796,0.0014386846452610906,0.0008767106110137475,0.18495396338096018,0.00047114510209619886,0.00028282406917351337,0.019849106884075943,0.03503841775370471,5.6583620486623714e-05,0.003647691217627736
78,0.009392205433623206,0.018279182437363373,3.40412924561819e-05,0.006869878031783715,0.1121343138463502,0.0026992164744844395,0.004385196133495293,0.006889641419422601,0.15058815927183175,0.025278204392294834,0.08900059928567618,0.00042199832456621465,0.00015548377766697272,0.03766547504058234,0.05320238111843777,0.0025178317667061763,0.013413424982026025,0.0005831600719828091,0.20886039092042702,0.2576292159788228
79,0.021524748093109072,0.016931688344094926,0.0011326962712594137,0.00593677904210798,0.0026706442418561126,0.05811751777200707,0.012515026487425418,0.024596929983733803,0.013586554650949278,0.03851655343781004,0.0052648347795915575,0.06143790638593903,1.2929529300667394e-05,0.01194994175676848,0.39082014174918683,0.019287812408119845,0.002775217029744802,0.2659306980611328,0.034515330391209555,0.012476049584653174
80,0.021066022846332196,0.08851194667017935,3.199047597407633e-05,0.002115787339098571,0.11057950863204365,0.0039785832852395515,0.06354622117930334,0.022259467209431026,0.10875851969484744,0.03948192825769411,0.002850720992632679,0.040121339173308644,0.003652946890969675,0.0035554889940912714,0.07058405075645723,0.003393881454276454,0.0992483359824258,0.07211442012689487,0.08556134278429282,0.1585874972545074
81,0.012134483191341678,0.019367629995538555,0.0012445691592730319,0.0013512883164800678,0.005226917487221251,0.002576893125654472,0.009366340223158034,0.13712444963103726,0.027571911022891096,0.0014023887865479976,0.005259818057845283,0.007489151336089866,1.6394763707556324e-05,0.004744093577652106,0.11051961165440308,0.008700642600811957,0.014612910667043592,0.014499229225825524,0.5339167860374365,0.08287449114004104
82,0.1307892084305014,0.004576059012625203,0.001966810523276902,0.00020793844811656825,0.003946959637855549,0.01797342032307653,0.00793486584614449,0.004129483857617932,0.21728116450386617,0.0017958174179562344,0.01160319254909522,0.03573916227834148,0.010474442569892316,0.005822424797021173,0.03286983042076575,0.08885739416277766,0.048150804082637486,0.017495108345891706,0.01789466142689379,0.3404912513656463
83,3.975733588885817e-05,0.00010729821562866208,0.9617472865037574,0.0003192141356936649,0.00012580002457597414,0.001791766549443627,0.00035782646263732103,8.70975961908533e-05,8.820036501617424e-05,0.00031418320215782986,0.000391213705671231,0.016672121847716034,0.0001407230615244992,0.0003944902020433244,2.986129835308822e-05,0.0007630295580253277,2.9875820024812357e-05,0.013749305593008482,0.00024099695256331948,0.002609951570079416
84,0.781451684929798,0.00010750365702899742,0.006608995321318534,0.00011773294897056224,0.00016295261276720615,0.01091233919791607,8.574326583275117e-05,0.0012374666274514107,7.904953902148423e-05,0.0041785867903741955,0.0035433633437849444,8.947375960683219e-05,0.16959060585541952,0.0004299970842414055,0.0005521774274871222,0.008622053033372473,0.009898120518772703,0.0007723338357494765,0.0014983117750158306,6.150847607051136e-05
85,0.7370435453503428,0.0058735533214807015,0.000508375700867525,0.013967017457704095,0.0001565412236307053,0.2354367683051279,4.888671450713351e-05,7.769930595552014e-05,0.00013903403013926113,5.833475496592226e-05,0.0008335102562233083,0.00012878610922164858,0.00024090190940178092,2.8843380880448608e-05,6.402449257427214e-05,0.0014979061385617851,0.000687805276511533,0.0026008752897217213,0.000518126818238398,8.946416394367833e-05
86,0.017313755144174818,0.33798016394051833,7.568427120600456e-05,8.858823281077321e-05,8.192848435040605e-05,0.002573560771611986,0.001763661485171803,0.0010036632844620042,0.0024795891024794975,0.0004840735665764941,0.0030980698857215965,0.0004139918652383229,0.0005815864477140207,0.06169284779746961,0.007474196376796398,0.45625987905061505,0.08372950928249734,0.01998957752172076,0.0011987030482670004,0.0017169704405977165
87,0.18947159733326688,0.004309144340386844,0.05172505986117413,0.14432410644678245,0.0030186356220791243,0.05503657124679154,0.01987579278774025,0.002181773720057971,0.014789320963470957,0.015408328435166053,0.03856283388671217,0.001898622419944621,0.0012077635826911657,0.01626947194339347,0.03060696302734314,0.17222843084384418,0.11780902411757942,0.002257220430299741,0.09448034879267163,0.02453899019860446
88,0.0005850292260579304,0.0009332337515545365,7.746063918659597e-05,0.0001371411190325651,0.0009436707085015907,0.0011672097193867225,0.0021744502381546987,0.0018416351886001556,0.368927444687274,0.0068465449283717505,0.007064427565980372,0.002267988116238417,5.047548453951538e-06,0.012214771036697096,0.5574642481384028,0.001780964746379315,0.001291766075918887,0.0001312172629839873,0.0005845001386549142,0.03356124916416999
89,0.17191677272929326,0.114706470543182,0.0007867771836106652,0.01246034797028292,0.037480484964565144,0.03509991337405517,0.0540138703451243,0.02927652090076433,0.0007197981643177866,0.0028885559551347154,0.03380410897191418,0.004928115945125302,0.03679935993919346,0.03859966623882092,0.025665908889137966,0.17332076275398203,0.013281053709442143,0.15810012113908173,0.000942544562727346,0.055208845720244606
90,0.007826786682232188,0.184779298023762,0.0005976572301461329,8.505310122487679e-05,0.025336864621630928,1.4639281806398327e-05,0.040378529511998704,0.011952331436478513,0.46920298436237645,0.005479671776520768,0.14581906722613036,0.007162697143063758,0.00014960179570791123,0.0345187808356738,0.056557671135924845,9.511815720915084e-05,0.0008973216810718495,0.004970977654100672,0.0034996389165326326,0.0006753094264080215
91,0.0016742645303366866,0.0062913588529850874,0.0010065274830432737,0.014817930069417682,0.00018899896062831513,0.06538904899146085,0.0023528257133279824,0.07584937033257876,0.0022149235782445422,0.07149833307452766,0.0880675888483068,0.006887361424014355,1.5219314407480316e-05,0.0005400359342315723,1.654778640835314e-05,0.17163523574928588,0.01798744749870228,0.4662642415609211,0.006313967852198124,0.0009887724449731798
92,0.11994918584916589,0.04148998046370693,0.0032941792110708443,0.001742361922114212,0.00011250530781795473,0.12082348410518652,0.0006027347319962821,0.06568218502669194,0.002563909342665941,0.0009731670138446602,0.01016193680481053,0.00021514239024134996,0.0034186511267728435,0.009473348881129962,0.32175662046168724,0.2804331622404161,0.015789749367642155,0.0004868258593102601,0.0002764826840051497,0.0007543872097230652
93,0.021735432355772563,0.0020993660592513695,0.0007558472672997048,0.0006533008113585095,0.001850886479986977,0.34648878406526246,0.01745059987049898,0.0001854343117153337,0.013975258610411262,0.00028669892839903647,0.0002781852103255163,0.11929367526572915,0.08634204151682257,0.024992400581390208,2.9502392679763123e-05,0.32347609391362053,0.009648440925400919,0.023412674404772692,0.006022367423822618,0.0010230096054797669
