site,A,C,D,E,F,G,H,I,K,L,M,N,P,Q,R,S,T,V,W,Y
1,0.03679651312381084,0.015326460944441766,0.015953296562548097,0.032676504121753235,0.021611769350802404,0.007991198467233349,0.027506947965230746,0.051208018567699035,0.029508750877707768,0.05475204604850387,0.417934266350784,0.010731269897208474,0.057819084465462925,0.011068002114458863,0.0055779951257315585,0.06808549201785051,0.04948695860472689,0.03746387428851208,0.031485096503884015,0.01701645460164949
2,0.019879112756532646,0.04767898983790252,0.049251664356450994,0.1624144400957458,0.005986165582681668,0.011145825525200187,0.11712664605136197,0.012161048543165404,0.04683796887694655,0.012922785614495098,0.08644105879262516,0.20527488914735842,0.008083411897237745,0.01483158505972443,0.011993607760053815,0.005871307090357839,0.00918952069350253,0.10608021323879743,0.039548823836330675,0.027280935243529137
3,0.014611250958713287,0.030477833616608233,0.04056793470529601,0.02310805228797114,0.014541271010767846,0.0417837235839957,0.03364434911422987,0.050698714666723814,0.05590376462543884,0.032298794277922,0.04938361453037942,0.02488389379538172,0.036136409487388166,0.011424288484777998,0.38927045984518416,0.021961209608657054,0.014790217777054547,0.034701427647898464,0.03450564108209925,0.04530714889351251
4,0.04078445120092408,0.0653491723677986,0.016281763943395363,0.013947763795544282,0.02586492639960361,0.13736752718474765,0.03787136828837259,0.1604926784074706,0.040322490214107366,0.05201638041182472,0.04258259843341017,0.083200979599874,0.013115959728560465,0.06552305935621784,0.02394365105124028,0.023624072123322126,0.06830388899248033,0.05899110469442778,0.01969168062386236,0.010724483182815788
5,0.01972540742780967,0.07320222849579934,0.0058665763903475755,0.0512444341790935,0.07437376564274653,0.06577135801644463,0.022694538097519593,0.05840003820344927,0.11946795520042176,0.03437263982940862,0.04359558442729879,0.04166513778648503,0.007354236967713858,0.20365454043850453,0.02851187653114493,0.021748446938719565,0.0410396829812245,0.024923878460573142,0.03149513469917445,0.030892539286120676
6,0.010237390512067936,0.002650896260718606,0.010059655538105765,0.06472439121707932,0.04072435424632655,0.024466693862574555,0.0866858756501845,0.10281576433254429,0.057505863952271384,0.09331767822891504,0.05272683269138189,0.017940030314285014,0.007538325759132096,0.18155487636364281,0.05295183727981399,0.041692625169509875,0.042719801746989576,0.07947828090855082,0.014933897246399368,0.01527492871950665
7,0.07983595189361807,0.019950092669353638,0.015392374266474954,0.019986792263060094,0.06017294633211164,0.05188545376871936,0.03808178669401365,0.17115025853729043,0.010416817581468372,0.16533092486546846,0.04383758100067724,0.044526600218005516,0.01715869289756482,0.023260134588960223,0.008992923774728163,0.007573850488924009,0.08581292295673715,0.1096602992526017,0.013252534043559342,0.013721061906663124
8,0.01604475184217126,0.019044682662998583,0.014252210189708575,0.030993043075497797,0.06472779611848128,0.03176164487853131,0.02701628360681952,0.053275752246108234,0.051598297913029174,0.063773323927757,0.03316175301021198,0.07170685970898735,0.0082453191020296,0.08969794576947478,0.1975334283341129,0.021136328284962987,0.012684326762654973,0.03513289681510574,0.032359562500404955,0.12585379325095203
9,0.07405741981096514,0.06474431902149785,0.12327045638339337,0.17086367592263682,0.027971665930863827,0.04989524610601756,0.02346206241670112,0.035706768067675844,0.049129555822102135,0.004237063159842206,0.09480473246158966,0.10775246532022648,0.003654291926256262,0.012247341141454255,0.015822781901112925,0.013476856849042818,0.05039833908570335,0.024628072781458555,0.00787339171050496,0.046003494180954875
10,0.030121601802962958,0.014185415584245851,0.02324612888964818,0.03600721402315122,0.04719772549464307,0.022637014347042225,0.038710640290170475,0.04963296172346104,0.07031524488691662,0.03679463414657758,0.06973560444646214,0.007939013197993382,0.020116174111439112,0.0718819319968437,0.043255586630451856,0.049293568870547345,0.08617055163525059,0.17536804221721233,0.06747853169599187,0.03991241400898851
11,0.017386668549827598,0.049368305917008186,0.004779472128069416,0.02618981808385688,0.09663977390670006,0.031501758490347254,0.03841498877059049,0.06760154992752501,0.04388029703003059,0.07660900560904889,0.056159204108346635,0.010882337928855844,0.0016587530293923525,0.020403523864846864,0.004499960706962885,0.024091691749332348,0.07357536899130847,0.13792315277555395,0.026037578189891712,0.19239679024250447
12,0.022413792367337454,0.0377525395633446,0.07008948670288095,0.06142391845305462,0.03561507688934171,0.023746154414710233,0.029287099554821384,0.07131730945304036,0.001984363828320484,0.172402407070142,0.1778846835267042,0.020530069022912052,0.012911832780299273,0.049080987616772744,0.014292860775901715,0.08428068767295151,0.045213929640131684,0.018077313197366544,0.018674745875594246,0.03302074159437224
13,0.03173617688593657,0.01783593492710422,0.04106809194385571,0.10082842618901733,0.02090827863027065,0.020273522737551137,0.03859900572498391,0.019560101838571264,0.05413402533731778,0.06735155620170125,0.15947777401748411,0.03408204398563751,0.03421732026837139,0.16797681310530482,0.0656605624228236,0.025081440489150203,0.023806564319656134,0.01988352883315532,0.027257674265898067,0.030261157876208967
14,0.05184944169507857,0.03200065559194207,0.026800106956664536,0.0322454616966423,0.026630941872390703,0.006951198498981921,0.008005474816459864,0.0147037159717094,0.013155814338816154,0.005774581868601009,0.041725479685472536,0.05927849106979321,0.07917240260047646,0.017488185006666372,0.013777586352800193,0.3444211262141031,0.1173836793859834,0.007148638354663132,0.050220510665497105,0.05126650735725797
15,0.1324877022388226,0.042441008037257054,0.015728038331544146,0.02189779252606269,0.018833532087316484,0.013530795581888844,0.021692198413140153,0.014102374978949766,0.022307156058942137,0.04609022393307293,0.04240986411639848,0.015173823510748733,0.017776904399658705,0.010647248203945952,0.39805912872983096,0.0553254574840071,0.006032724963282312,0.009421058619962962,0.022634137021251548,0.0734088307639164
16,0.044620425583974097,0.031764303505707386,0.02484962316528042,0.03772110939719632,0.03711900266634084,0.042868141037565415,0.01753182244385738,0.13283241116179445,0.018494877325140626,0.08553949477246924,0.1794425717084415,0.06354571953002738,0.03682356927289869,0.02655841341879368,0.02319408132591943,0.008866947074584986,0.07855461914362831,0.06040428212230522,0.008818280511163805,0.040450304832910816
17,0.05265990916202058,0.06226013214183116,0.008721053648112332,0.009888471496407121,0.010560568877355916,0.06530316295219703,0.07570837200656208,0.005777575333142277,0.009669428213181473,0.05174615172632093,0.016137075269608676,0.01673143063340309,0.0018572849554550365,0.0069346644610017195,0.3543941552981282,0.047723046150310526,0.006930846576575851,0.005247892414752807,0.16176145700270453,0.029987321680928655
18,0.013171035111691785,0.01860752760310043,0.05284902913368235,0.10551294960774635,0.034731461924282704,0.5162946898701223,0.034835048704288316,0.0032443663243210937,0.05670678082917948,0.013453776840063091,0.006537473635646446,0.0037894784839555564,0.0012393802126926224,0.007750208680318417,0.00730085784393505,0.0010523180624267539,0.00523110219447049,0.023067743993116153,0.08682126359245344,0.007803507352507221
19,0.01816133022773242,0.09160504346684599,0.01160381062444496,0.03059784820095693,0.03111724378687737,0.005852009574265229,0.04166685460511623,0.24169781183274844,0.028500983298404243,0.017514392898700642,0.05449262836716774,0.01025515996876609,0.002265272722493067,0.01301161367998927,0.004692851273530463,0.005410004669718863,0.13854960537852098,0.19547644880839127,0.042423555190518776,0.015105531424810999
20,0.01360139861334589,0.12008531292201838,0.009432918747218758,0.009621664284385923,0.0485570503274053,0.004544036348613794,0.017412822887260974,0.28003556401742297,0.009245459371857737,0.26015043610162886,0.11627013846325113,0.016805250724384848,0.025349241653441823,0.00687979647669912,0.004344082969511865,0.005831618727815794,0.008368537933859452,0.022416726851842986,0.012513834618274997,0.008534107959759438
21,0.009649261869597537,0.03315092013832798,0.03547008151528683,0.01566583561623446,0.09517423679195657,0.07717144947340067,0.14473830522961428,0.053090752203550924,0.04351736407810127,0.13051811558409968,0.013091344119467564,0.08540780706017809,0.0007597834720688044,0.054834165264028595,0.0320152648004935,0.02207054160740692,0.036178952025471514,0.031052823238501077,0.050245512127756894,0.03619748378445687
22,0.0366901880326852,0.04939257451538151,0.012954647265891395,0.05569808504250793,0.0051392702335849505,0.0018886706038951794,0.0052019654473529995,0.09765451862127754,0.08518348811276347,0.015368184030477152,0.050800852961429596,0.07479392221917178,0.0019754988241321215,0.023930199164497692,0.12337863599034217,0.06364525159690704,0.038633831068850835,0.1230888209129808,0.1240753265900973,0.010506068765773334
23,0.025508192778723005,0.007490504427776301,0.0074423227394297495,0.031907031926602936,0.006812899517217998,0.007556394834900866,0.011867629536945113,0.06833363444136799,0.008825891229121913,0.0021144287037377202,0.02381652289316219,0.048791752528786606,0.0071046227550994245,0.016220066270260604,0.12817334239666398,0.027024561891426668,0.24056985214841284,0.29066276623292014,0.032357741383727885,0.007419841363716058
24,0.03094745543844649,0.03490488474011079,0.006785143195874298,0.053378666141230165,0.01773841141049916,0.08692992268406209,0.051046293983176144,0.01887276998551747,0.007974188029614518,0.01572257769702697,0.03056799907639964,0.16671106879569647,0.06863755583084555,0.054103442176225064,0.003622038709312301,0.08462740144802268,0.19985745552389006,0.004995804786315017,0.035554267224302875,0.02702265312343228
25,0.012981213328857436,0.057455851241271526,0.01581478079641466,0.004720270618210839,0.005967646898564178,0.016030676418505748,0.004387311777693683,0.2670370104612678,0.012074511516129498,0.08706815758755782,0.0503316129820225,0.018860891071796115,0.021413468466054953,0.008099345571474818,0.0024414538160677495,0.021687320824320268,0.13559813510586544,0.22743123119738087,0.023718717083618,0.0068803932369261135
26,0.02714224764754549,0.020160608370136845,0.4940710055928328,0.0180904037310002,0.022800175309061435,0.022555450765961292,0.012731932149692952,0.02779914531517519,0.011534206401721918,0.0045892168587542415,0.028373156370767684,0.10347696455257382,0.040127596450336485,0.032729230720825155,0.0052778351045317225,0.01661291257029565,0.006818351251154802,0.02018149444014006,0.033398855170403266,0.05152921122708894
27,0.040884616216615044,0.012571025356442597,0.020177059126445518,0.03600133134653181,0.09735581309220998,0.004320272202474314,0.24473255383429424,0.06933991399721143,0.03434507990998472,0.13750233488334257,0.021858002508934608,0.05150413310683972,0.01989896124784508,0.018017026265233847,0.01601723270822305,0.006538669563544313,0.016982459424578003,0.11212513096107485,0.016720850191485316,0.02310753405668902
28,0.03077864835738451,0.03650112628555423,0.01027458198589826,0.015130884026735384,0.03993283799318501,0.12918685160606666,0.033428534077982214,0.05331880167830982,0.06534343194562722,0.006601076295404121,0.24758367972831366,0.09115835332387906,0.006610930050492516,0.033389087462069866,0.05637987903385759,0.05454606407959581,0.026563300627997513,0.02145615173251585,0.013491263243964352,0.02832451646516635
29,0.16215716906897237,0.00896206006093369,0.050552750674004845,0.06710613214624067,0.05539084941774178,0.01581983873356752,0.10749061624586462,0.009355184811241772,0.030290705598958953,0.018685920887195673,0.01082599699845055,0.005213326194518461,0.0062582556509913866,0.005040372372364812,0.00815246730394278,0.04390130605351254,0.022750904794603854,0.046270509032005906,0.011977001584591666,0.31379863237029615
30,0.014990508932663082,0.1534901823789062,0.009879081640099784,0.028407282204096076,0.012776221063650133,0.008719443175670551,0.021918583329696283,0.2656595848660786,0.01135085084560807,0.09200085261869155,0.09537939246225682,0.007235133034861916,0.0096612828913373,0.025353973848608036,0.0026872385463165963,0.005576583255672128,0.03879765229047011,0.08982855478129373,0.09321661555747611,0.013070982276546949
31,0.17438257892563327,0.026927555456304618,0.001581967511869675,0.004090795728161248,0.0147656248211443,0.004024384721294433,0.023140044902162534,0.05070697902106444,0.0025536283956912103,0.32640733432101576,0.1240002119941855,0.006772362412830974,0.0024504387293225144,0.05624849082577153,0.0016100714098778771,0.026993169042513688,0.06330178056103881,0.07223338564830749,0.01677264712502238,0.0010365484467876928
32,0.013889277318194825,0.01085443933156146,0.021447932925768774,0.054346701311316484,0.0857103973530062,0.04575863749012019,0.1644994048214133,0.12121125260285145,0.19148810592910215,0.039656422230704244,0.08555087424968269,0.006821153579009745,0.005033975653150585,0.005956642699093545,0.01984982074148851,0.01627144689601755,0.024757993884223513,0.0681442534922062,0.008755997020138552,0.009995270470949986
33,0.028753165465521688,0.00730359354617445,0.016289906971485173,0.04270656986870315,0.008485563733062695,0.014047762226979022,0.012366600468668708,0.020674363553137672,0.19641851042735448,0.04927057861242975,0.07546788681358424,0.012930458327460377,0.018027602822692376,0.06245317734364933,0.1799119134699398,0.00741208231554444,0.010615267870740411,0.032762908559468375,0.1416681332427302,0.06243395436067369
34,0.0079932561393327,0.04623176798869692,0.011130308196189705,0.015452448141612079,0.07395894910701446,0.024549339210623328,0.12575668649736918,0.05936715379295923,0.04494079406175664,0.025034997070377152,0.019233007927284225,0.039464156879685776,0.02431338607592147,0.026096858824200427,0.06090717201357529,0.039924154643895385,0.03856278696997,0.05700147810229913,0.10061371675449282,0.15946758160274407
35,0.024972658067760806,0.019349363203867178,0.015478302154022466,0.03353953530721667,0.015298760077441293,0.081476065331801,0.08651948849991047,0.036111886026177015,0.0412174874981273,0.006278293954556555,0.015495919057962073,0.018155344797895403,0.015672278706813498,0.028392124117819162,0.0078643796831326,0.2676728404317392,0.24038238751135937,0.020586342331341524,0.00949609689928167,0.01604044634177472
36,0.013963554303714374,0.04049315241688148,0.00499338244120743,0.004990265500567979,0.0071661654042916014,0.04570986196504537,0.03867046752021728,0.06763748915737405,0.005051727848592145,0.047574684189668606,0.009190618393477243,0.04703121403113728,0.006185121003733681,0.0194718450670722,0.00928717253782184,0.13535757763866976,0.02105526510803915,0.01804275988191246,0.12017463783233513,0.3379530377582409
37,0.07509895733569959,0.018254462748515134,0.017586228914653123,0.030173162892079546,0.057739941085737496,0.08712426375008463,0.13512934063698345,0.025960244991706054,0.006975359490015585,0.04039981694693272,0.024061152836138824,0.015482850578118672,0.0015625960676964796,0.08761549231460117,0.03204169449696454,0.1272891139894431,0.05338066357535906,0.025189500418406625,0.029923484297478785,0.10901167263338536
38,0.0246702227377586,0.012548528610026904,0.027532902918464355,0.020351835334061902,0.011967173333936511,0.020684318743086343,0.023561553615551525,0.055742506215048955,0.048331341961292455,0.00934925343719083,0.02451817661207531,0.03662205167834929,0.022528789388014024,0.1263577483926655,0.4413948509264512,0.026105920074815953,0.00814427339253956,0.0078103572197792785,0.03185472482969941,0.019923470579192106
39,0.022395718821578398,0.06744309066609225,0.020701467012045578,0.016847316332764397,0.004247090249508167,0.01563224480677065,0.037333950706572444,0.06787087767322311,0.021964842792794446,0.05242470932769468,0.03247636293488264,0.045472825744905,0.016954601701228037,0.11794326966108563,0.04755036511961001,0.1855196966832092,0.07305723980253716,0.05147820687478054,0.059081214548285355,0.04360490854043233
40,0.07241601548822442,0.010347560720972135,0.05399602399273976,0.4954060514798646,0.010864473594069477,0.019466288908774877,0.017413447639186105,0.009927158337415157,0.06439833715309899,0.0035640217817121873,0.013320044978582905,0.012372680646430113,0.03614037225039895,0.04006490905951695,0.010348233352457555,0.04693104785699308,0.04664376911940464,0.008891928766365338,0.01775463916346644,0.00973299571032629
41,0.009096039761924767,0.048478371242045626,0.07003762793395031,0.044547656990813665,0.012230019513911129,0.008041188293489676,0.0094461846637745,0.007253281265333143,0.5486936337164046,0.009390060425214222,0.025725005786632584,0.04481393128700654,0.024107328450518294,0.018614708370977992,0.03361334358747526,0.023865084032617064,0.017103301383112255,0.01428607669786254,0.020097206393357252,0.010559950203578566
42,0.01982153717667806,0.051090312412871534,0.037588045143477536,0.008020225459309607,0.009556107319844685,0.0476128844769588,0.07372513934209073,0.021235960420334855,0.03089177711056354,0.018240618320757615,0.027238156160790145,0.20906385917102172,0.003855543019011617,0.250210606257179,0.004009245997651678,0.06245422938001083,0.01200083424521472,0.08365813084872395,0.022455371808783896,0.007271415928725476
43,0.04677909501582657,0.009524980696528268,0.07146262981512481,0.01750255355543725,0.011656871315429812,0.016865709443656018,0.05055578059627462,0.01698777461885828,0.00911794228866193,0.03932659501304212,0.026522701055668053,0.011943246665255114,0.3423785048724075,0.08401049359783161,0.0223952481431298,0.05323445950880869,0.050335215543543185,0.033764836307861965,0.03606923009110677,0.04956613185554764
44,0.21395176272355812,0.04667729272165937,0.008166900221383678,0.050484752276897506,0.0165266189919951,0.11751130168095088,0.018434362480534264,0.041210035366915955,0.018726838516572166,0.14421024606852872,0.07181929997933971,0.012513377330307591,0.009048369475310953,0.022515561041056915,0.0674007532802523,0.049830567741689716,0.02115043847649122,0.026087608996826633,0.0171657295139049,0.026568183115824325
45,0.0220411846757496,0.038136953515540514,0.00423624926073859,0.005703885335566533,0.055152652929759245,0.0027441825189490105,0.0028431336393742635,0.15039560555586018,0.01366987921241159,0.11738198442177679,0.0469429372608523,0.009919565890386057,0.015716084172669623,0.007302827364696512,0.003938191461252029,0.005286413153949194,0.12255001446466808,0.33793103300569294,0.02544894299677696,0.01265827916332995
46,0.021381336564228394,0.02062452879178016,0.04057739872811631,0.015105864409754895,0.012288965999770227,0.024136116370441864,0.010412816362245558,0.01502164045747676,0.03466100374007609,0.024421612648674967,0.054069558331649274,0.015231204370729124,0.013336683068102801,0.010129536215616184,0.5395317221095108,0.06377067134516029,0.010565348126769727,0.014346809071882499,0.0447305469121724,0.015656636375841693
47,0.09494316055460511,0.15919213482965186,0.005398484014571672,0.0069395764715045145,0.005585249914348488,0.014687357902970058,0.1014824860316393,0.04494896834955389,0.011823083514601096,0.018404565761281542,0.22271123646593313,0.0066201984771809864,0.004573261041118944,0.06388726280799589,0.022702263913924506,0.020676602107493794,0.16750345874596836,0.014236942365525113,0.006512567539345184,0.007171139190786559
48,0.04288516984320547,0.01009638749245835,0.01742407298240559,0.030434101409891234,0.04230960207483828,0.020190432585085075,0.027662986459935566,0.028116310061812037,0.29666186996327476,0.021587144963186592,0.1138148860127183,0.0672417170315849,0.006615358128359955,0.1376060355239008,0.026288240974898257,0.01974618456136072,0.031051324795072117,0.03259072522987541,0.01808514793960483,0.009592301966531734
49,0.016117250868997537,0.049942649251165164,0.016898311708533034,0.04775548450156451,0.014357413380606403,0.018400418152676765,0.012441607572369713,0.01183476128880765,0.03950535140127984,0.04970733120969324,0.02338238105829978,0.01733095108209739,0.013409301226984095,0.02329907829255183,0.0350020573141319,0.03203433022263686,0.008854576470511572,0.015228228344539433,0.5340215129757716,0.02047700367678165
50,0.25100252938096895,0.037253297017453314,0.019562782084565068,0.03454987035177483,0.06596515161002246,0.002214883733814851,0.018518682999253848,0.054774396980379336,0.010226286404791897,0.07886754949913767,0.1398673758580072,0.011943635451645462,0.007780471614897254,0.0600058662539356,0.0063436401600666685,0.020361045403693663,0.04090964378015867,0.023043426688947228,0.052621136546446144,0.0641883281800398
51,0.09108565835559951,0.07118752166720922,0.011657993528430421,0.01684949959845619,0.03384942822768919,0.006750635823264644,0.08977434827729891,0.045555022134558726,0.031575813962820144,0.13096360872794668,0.10822351169049761,0.016164754200405657,0.0035865742477652943,0.058105411494910504,0.006428790462306645,0.028447787926091497,0.024627665947156898,0.05637772618615404,0.02021960854751759,0.14856863899392062
52,0.1405024036744934,0.03100791340326129,0.006207801840964371,0.04556094275262111,0.04670579037286333,0.05499117230038072,0.01791927119658331,0.010526671328510855,0.035665213872382404,0.0023596520508824157,0.026053544162050933,0.1439254389532674,0.030216693431014505,0.004335988349957438,0.008403818840724105,0.24759093143584124,0.06640524706233161,0.04292607217997261,0.026839994928655228,0.011855437863241705
53,0.06844360231258835,0.07978816348336414,0.029770713602429687,0.010322781090706919,0.003712265531252659,0.06788739119149356,0.04406604036646752,0.04891255905577806,0.07459949127043164,0.05808412957222076,0.11806403503899011,0.02569907744152403,0.002943619719364703,0.08818487909896197,0.015241526370988476,0.10003534118467838,0.03154415104249428,0.021564902912364008,0.021956001581617517,0.08917932813228323
54,0.017654019487792782,0.022468586114489354,0.006090377512826168,0.04880777182098613,0.11300426001840169,0.007093923577239377,0.04436721297615874,0.05909656633804551,0.0745789575551878,0.06010721238415192,0.021934790631246502,0.17884399444596275,0.02962826663417398,0.03365851561929196,0.09137708879131612,0.038222578181584525,0.022831851284052167,0.0880145140860007,0.025286231909625635,0.016933280631466208
55,0.017339414696153993,0.059486710758152705,0.02323494843414312,0.016808004156274804,0.033869611815830536,0.026068106606570104,0.08471081051616362,0.033277858018682306,0.12698883221043966,0.16450152041695412,0.030762166455390105,0.03800294088564783,0.005712989516154073,0.0030193996435880946,0.07645147359619826,0.0659704283182951,0.01784509628777271,0.031130246021128825,0.04477431849914175,0.10004512314731828
56,0.01896237624460872,0.04123662401178274,0.004526070852864055,0.006931899901364891,0.03555765039015553,0.004113649828972156,0.0710511271434035,0.025861777504950594,0.009817569083005405,0.2504389352159245,0.06636555703363121,0.0645359815866116,0.12795703533418679,0.05818674924348834,0.005599146153724655,0.028057703258257884,0.05367223302302391,0.05753586495656373,0.05181985184029351,0.017772197393186324
57,0.03054893505441605,0.011247027610347574,0.00435013745899854,0.007972208422925668,0.051296297211202886,0.15066585051494163,0.04589248168601707,0.14203919112532207,0.014076602493585983,0.09446663551966468,0.13240858575951936,0.0160029865054628,0.0017934167605759227,0.031711226912896975,0.007687288982761214,0.06641215458862489,0.07868507267885125,0.09725557127127311,0.008335002405848863,0.00715332703676347
58,0.12418389984431033,0.17138188953046174,0.018248090485575973,0.004259433583011041,0.017763303475165557,0.03527512636128394,0.01874420151416043,0.04965078881349559,0.04599194497668227,0.015665936725564104,0.06492660405541706,0.025303738135081237,0.006618491382101022,0.018294886941787006,0.02184216473875874,0.09567145579014208,0.16992163364192361,0.06280903085247383,0.02135096042868849,0.012096418723915973
59,0.33295420331454273,0.02605359669161885,0.016472076417870806,0.04831068269420043,0.011398234132253271,0.1992787184983615,0.047075150163603766,0.06087871956147861,0.013677242051710573,0.004272102904854566,0.01916594957012325,0.013043004660445839,0.004849408535394509,0.020488402239580063,0.009086591808252031,0.04524206830383052,0.04083398827142359,0.021679725374037246,0.03215106545179522,0.03308906935462263
60,0.07111605450502856,0.03358536088452419,0.04732122508146246,0.07234973402317618,0.02061956774822131,0.08830110999369208,0.01935736585031316,0.01232847339511695,0.018307384570530036,0.030763612994892303,0.048231388680839586,0.06668557055584719,0.01889678522116139,0.05071545024769211,0.23416260495247362,0.03635897618415339,0.025166579371093057,0.02416432975000277,0.029767119972444463,0.05180130601733515
61,0.043286045019020024,0.022365874502856917,0.010983478539085744,0.04034654850700441,0.06071584878493686,0.06714194720583545,0.1002020798457127,0.014801413305335465,0.09082326979281274,0.05336574772254214,0.028604508965836117,0.04630124527772742,0.038281262003255656,0.036798934599898594,0.0626279788972506,0.064306583106993,0.02896972999549464,0.06621832019441748,0.06399991246361597,0.05985927127036808
62,0.045054603321237764,0.004278960538783691,0.008714244247771336,0.004387964020135854,0.028218840477578,0.030833500695812546,0.0409029941773127,0.05222178137221647,0.1567430907594386,0.15064280528284021,0.014610571175365754,0.02927798171500765,0.022870235928809064,0.020331659933201057,0.12148397358229185,0.046375515929437026,0.027443076177772655,0.14571749707667866,0.015617773423125189,0.03427293016518392
63,0.05711144480062228,0.16193646710475065,0.012934225982063884,0.004303688011889122,0.01938308010578066,0.10338700637158872,0.035213743502710386,0.14431987329952875,0.041069286849452116,0.11753512387464898,0.04705222113227034,0.018548593496030736,0.008518546675623581,0.023159225556478584,0.036775672985058475,0.04111228579303845,0.02034857699654889,0.05409234299130427,0.015228883607343199,0.0379697108632679
64,0.06629740922552858,0.008650191200167141,0.09583133746835412,0.028198969472506327,0.0379873244719296,0.08185539435433761,0.028524899268564167,0.06115375178009183,0.017270315808070494,0.023342551098166204,0.06448902745095493,0.10999097509917678,0.06240923589131027,0.08082588602158997,0.01613164710625313,0.030129161551416213,0.06445524753648509,0.05939838327240673,0.02261150675916939,0.04044678516352144
65,0.06128530873004882,0.005850983771836101,0.04864793876579351,0.05681067031076012,0.01325437714503007,0.03935265245551388,0.07335867560480017,0.02012837431553815,0.06397322073921233,0.053387508781723055,0.11302286862751398,0.0841811921375221,0.033101263122165804,0.03810723207289967,0.09517044691013138,0.08577118877041365,0.036827049097560426,0.03680121496885647,0.01902617054394638,0.021941663128733985
66,0.08278422365734829,0.017207233517701762,0.04620487834159279,0.010219610447984723,0.03742277416969711,0.05120247427075108,0.06295483077244778,0.05247163563539905,0.08860699072787533,0.03995604612272785,0.05380242354422045,0.014924485333860725,0.010245396620012859,0.02306625664970416,0.056525073113165694,0.03438882466025558,0.021455349909165977,0.23457957251836187,0.05022974413973903,0.011752175847987852
67,0.12259030919669874,0.21289877722117512,0.04091907846548853,0.01777968758693737,0.025298725308232177,0.019722803655907353,0.033693621863529116,0.08937551411709121,0.006017275659202816,0.038023253084129044,0.059169503719252836,0.01336390597129056,0.01261615773531658,0.06343468820435076,0.004205066944354612,0.058802636453420154,0.07201894111275156,0.027048145129055484,0.027295170778038853,0.05572673779377715
68,0.043246810854140755,0.07598244190220989,0.015140789821999586,0.05916107456537507,0.026498622507332936,0.024659353431328954,0.04455010535874462,0.03475280352460337,0.0959886304150704,0.020024090165303897,0.0997191725037125,0.0898434936397896,0.0693750744522281,0.08063767304035227,0.0513566891370447,0.05981542476799988,0.03901619531335723,0.04327935338359723,0.00359473289891654,0.02335746831689247
69,0.0286601565790974,0.08478627117731402,0.051483082841065786,0.045908221527545395,0.03875415798511506,0.0990161018444897,0.04439337877869379,0.05869655522378918,0.04534833503214836,0.05255744116370219,0.010201382616822267,0.060308851710238545,0.028604548297144504,0.021458390774826447,0.02982214819195558,0.031566853565683985,0.15586710696355138,0.0644018664945979,0.027295563424910504,0.02086958580730798
70,0.028916248478685565,0.03409676787293325,0.04166066595373462,0.05025710783615117,0.04882196578448183,0.1288627001135306,0.0572169683479431,0.03891194869559218,0.017275225213782608,0.04438074823149189,0.04279368165423138,0.041797898153266344,0.014629291273398543,0.10326553659978208,0.099411075845493,0.04030318826173999,0.04400591572356375,0.06801596707934815,0.03838572328340952,0.01699137559744045
71,0.00816470156674583,0.0917176360695341,0.061636347189396146,0.019400767761604494,0.020885357556068768,0.09413281990900578,0.037913446680916695,0.08531160056104764,0.016821135029224693,0.04580577203472696,0.023908041675726775,0.12766351878897636,0.01147251147552007,0.03381933230347952,0.003447885266284473,0.10355726803561736,0.1571062634211796,0.034018245408097676,0.013939313027569587,0.009278036239277431
72,0.09174595273486529,0.03778813034461461,0.08836128515614891,0.0436289757213622,0.03135793558719055,0.06232725519342956,0.01706548050314317,0.038445971610892304,0.13487562702301203,0.04653960712701822,0.009823316188249729,0.06744268592121867,0.03426218043167798,0.05970045302768165,0.050075488075603025,0.048441390682001165,0.06621075069606554,0.05054246642344804,0.0053037507357406675,0.016061296816636723
73,0.026373279563451216,0.044164957386954314,0.04064821234587325,0.020523286140288678,0.06319431417785351,0.046532246267995445,0.12211106505241198,0.06500676293366696,0.13053605958293835,0.009455213581892776,0.030205819272284794,0.07537627918912289,0.0476021898956761,0.05378072440050935,0.03037339896413349,0.03849252155048946,0.058117198495776054,0.04711542068551101,0.010209856667935788,0.04018119384523464
74,0.054346506184240376,0.0659350395281732,0.005594084991082332,0.036685656642123234,0.022286096782913864,0.04771325741612608,0.13711936550951714,0.02744442018786852,0.018137340767438163,0.049090344347421606,0.05773169291748717,0.05881722936566174,0.017950783975733336,0.031176767015602968,0.05382298626622331,0.05280138844306962,0.033108139851056886,0.1276585759576638,0.03364750881469018,0.06893281503590647
75,0.09178013310113048,0.07542038677756706,0.009343543515096432,0.03160868554385708,0.07986606549259803,0.03890676427402676,0.045310187527549506,0.1093236270924003,0.05300693899664377,0.06429052992347245,0.037204392370861504,0.061054079625916344,0.008012011886805344,0.046187395459440325,0.02874976825397033,0.018348742301295785,0.040290162323881766,0.038789280255916915,0.04776440236880714,0.07474290290876268
76,0.06138007286808596,0.12722631952256794,0.012439670822952446,0.07611672972595895,0.05938148388382715,0.01960117226878893,0.010460620505057486,0.03408798865205459,0.014552975639889883,0.10305640186720345,0.010186409569565166,0.03320694449862635,0.028207164218776063,0.028196481766314816,0.0360104818577945,0.054732603235943485,0.041583077150824814,0.08742335700973611,0.13465485531546983,0.027495189620562063
77,0.06401819930152304,0.027818652781739367,0.022261015054727187,0.01599109426806085,0.17011801325118514,0.002206083192445206,0.085475305383911,0.05310533532921323,0.002577152549934416,0.07609854368723887,0.13638894149841008,0.01959507760998421,0.016164815586965645,0.12929831965423527,0.012699418932243151,0.010415279343557871,0.05432288752686624,0.0677443666320987,0.005573870190399152,0.02812762822526135
78,0.03547350950015589,0.04594757134492313,0.0039957411829044,0.03141482895618397,0.0929691102508458,0.021852647591614368,0.02638682099039595,0.03144991133371874,0.10425351663488386,0.05211507366649128,0.08498680303292062,0.010626200357135377,0.007209445007711625,0.0608492897737744,0.06958731248647915,0.02126993719813145,0.04074155650773624,0.012049177972769007,0.11838241547710754,0.1284391307341172
79,0.04808184708714374,0.04380076776956454,0.015315127285535928,0.02915029530160921,0.021372173260368284,0.07072623349046223,0.038947545918978664,0.05063999051198223,0.040210721882730595,0.06027900396963617,0.02782113844554367,0.07226957231452984,0.002693958782545117,0.038254618896040433,0.14830450296191106,0.04607504306160651,0.021693503973033997,0.12769943886973234,0.057764143264925544,0.03890037295211989
80,0.04239599547944018,0.07405278100363735,0.003405897936369631,0.017359206951503385,0.08074238087573918,0.02218638165799408,0.06510694454953768,0.043313491943811934,0.08022315269678737,0.05411550396106917,0.019491159409915484,0.05445434016892955,0.021462378124045608,0.0212380651654624,0.06781890698639843,0.02085766195651724,0.07742113954403064,0.06838646313071158,0.07308370467102207,0.09288444378707705
81,0.04210227884124227,0.05048919530021165,0.01737998835617122,0.017944494601552445,0.03035226705849952,0.02305975707582769,0.038072814509778605,0.10800978038246463,0.05791553515086109,0.018205159091597506,0.030426353490413168,0.03490392844292107,0.003232160249652649,0.029230551867867296,0.09932702090629025,0.036997708495477476,0.045254930242998516,0.04511781734254447,0.18316166792259503,0.0888165906710335
82,0.09583832873191245,0.026050119032941507,0.01876397300141898,0.007837677025214982,0.024595457503019197,0.044325131052769244,0.032261666532366305,0.025031272637151398,0.11673216230328007,0.01811247369128206,0.0373945940913144,0.057893692987294756,0.035936852359779434,0.028605834414172512,0.056041457876495164,0.08247334654067008,0.06500247702591912,0.0438630434616983,0.044249565258671006,0.13899087447262903
83,0.009333702949738884,0.013727077425006706,0.4712235355141693,0.02096730255509257,0.014602286575572054,0.040985314444602794,0.02191845059005015,0.012658512087619199,0.01272054346891905,0.02083828821608676,0.022691441763258116,0.09749897532003718,0.015252331288841427,0.02276509176231153,0.008351345963940033,0.02941609236161148,0.008352923660070951,0.09046409441581423,0.01879812787655559,0.047434561760702
84,0.32525232953710453,0.010278355173393292,0.05092022416892163,0.010647820517403877,0.012081108079422196,0.06187356001029301,0.009413714999357349,0.02655802650322662,0.009121068258123944,0.042611991484992826,0.03996757626416179,0.009570775947183847,0.1796516652141863,0.01761304901802444,0.01941037407620878,0.05646194002320246,0.05957239002999696,0.02211326408080139,0.02860687401901119,0.008273892594983555
85,0.3606154962326175,0.05516711866974232,0.02131985240478382,0.07724066594476106,0.013490554311369078,0.2314632526127306,0.008583264363678133,0.010276252130964968,0.012883017301085556,0.009193203215009342,0.025835183473071673,0.012505417254548297,0.0159502285814828,0.00699234934070934,0.009531707928970744,0.03244298561421884,0.023976764032167603,0.040199990380799785,0.02147781310577784,0.010854883101510577
86,0.05851800674382298,0.18564628534346017,0.007089239067296586,0.007536392554662975,0.00731099355474082,0.027902497446778075,0.02409228535285099,0.019353321760429167,0.02750214091789091,0.014578653905381043,0.02998760133534063,0.013719197318085708,0.01565612655535696,0.09587310291685815,0.04222247827932208,0.20860263359366624,0.10795250573030254,0.06187832291540732,0.020735774762012993,0.023842439946333668
87,0.10197243116590307,0.023446069131844355,0.061576263776164604,0.09173954931439925,0.020417900464942,0.06307893252572287,0.042464642625136,0.01799815967815555,0.03785729488882991,0.03846522072398576,0.054936807935762735,0.017051876273695366,0.014303523839521217,0.03928660327802936,0.05021980632745637,0.09826127883781269,0.0847820192166035,0.018237463977834774,0.07781588625663251,0.046088269761568094
88,0.018117297151892812,0.021721614638515345,0.00825899871030764,0.010311367335637334,0.02181567799275908,0.0236941421591019,0.030173227586737277,0.028287267757121804,0.22175982584684775,0.04711472283131412,0.04769169724099795,0.03067103776527669,0.0028584572315126476,0.0589981286307693,0.26033756044042955,0.02792148876541669,0.024646193815577373,0.010135975396970117,0.018110929388660157,0.08737438931415444
89,0.09632536966497296,0.08231222511049825,0.011879275343445999,0.03474560550719974,0.053299561541712545,0.051957815747822635,0.06143038494199202,0.04842169740807144,0.0114756366379848,0.019689851666204742,0.051203973051206546,0.024231552471697934,0.05292112001672888,0.05391236652870017,0.046007707471895254,0.09663024970600342,0.03561746920539155,0.09324029682069376,0.01274295374645984,0.06195488741131754
90,0.03806818059139248,0.13002883046894187,0.014012774418376079,0.006569502326476039,0.06008661686145614,0.0033161186750654643,0.07201369811055855,0.04487460332994951,0.1867584521072378,0.033144126102799494,0.1185997344653389,0.036779097443845256,0.008181217227896892,0.06775763004639691,0.08208671074023725,0.006861271421900113,0.016409598329843754,0.03191294216936484,0.027845036974633725,0.014693858188288939
91,0.020538214944165186,0.03435073027667726,0.016853821004469173,0.04791654839275791,0.00880002662487982,0.08530549516920734,0.023440882450527306,0.09036838585242965,0.02289720363708673,0.08831783183117504,0.09576749409973963,0.03558020423288653,0.0033068020112381902,0.013232410337982765,0.0034160892696338293,0.12411094890441629,0.05166455345316628,0.1829960353952817,0.03439863958113845,0.016737682531140902
92,0.10837304952180699,0.07174446221512218,0.02681206447463663,0.020934359414354686,0.007219773024874258,0.10867927548010728,0.013859356110768554,0.08576332857489474,0.02432433526503608,0.016694786257914995,0.04153460134255807,0.009287847162033408,0.027201228005991118,0.04041759021400168,0.15900754353849478,0.15073818178198184,0.04929172569524911,0.012755749471847511,0.010238637651705474,0.015122104796620647
93,0.056053166083697474,0.02260539075026261,0.015199856756068013,0.014362746801981808,0.021525647264635454,0.16436694053508186,0.051469603570301184,0.008805255897097644,0.04721467423114176,0.010429552103870976,0.010308109490067134,0.10861695696713132,0.09579659038288725,0.059178019994136494,0.004310885233442319,0.16003613266795638,0.040884775482257836,0.05769563157626886,0.03404345611405083,0.01709660809766277
94,0.02096531666818217,0.03801332598894455,0.11046869979004698,0.08282587808451498,0.007892281373368747,0.011307123943218342,0.05017655398719953,0.04227090956308332,0.03819866791795557,0.06922527305805397,0.05068549964335284,0.01927329984285262,0.0508377496420987,0.02098751322907094,0.025770381322028545,0.0877434500848117,0.06187650318816102,0.1088465511919979,0.07200259259602333,0.03063242888503421
95,0.22040882712266424,0.08530799566285968,0.053865966766431,0.008444214814963434,0.04655244057239204,0.13136453669459816,0.005265141085778166,0.1005204994134068,0.01933313975450142,0.04847900930602561,0.03705889084099896,0.008515521644402854,0.0041647235291971075,0.01947916466103536,0.010482830996151486,0.04533947658674677,0.026132346011520233,0.09584529471416403,0.023230847155444052,0.010209132666718634
96,0.06977375230517113,0.22512865412080127,0.020426586402925148,0.024943589872035172,0.00800714487512223,0.011299975336592948,0.007707494821135194,0.055664425922434826,0.00673021036660825,0.10146769545176187,0.05855455343675031,0.03169260844416452,0.052615620304959955,0.0063794425221793336,0.010820691954859444,0.0024004754962072944,0.11034993998122478,0.12880743448984314,0.026266248459074836,0.04096345543614834
97,0.03731100585495078,0.02083951231447014,0.08963253473008023,0.008203458464397776,0.007605719966165318,0.045558325079838057,0.0070227972284062235,0.10129975930930704,0.050975022366522134,0.03598326923355426,0.010250413717728257,0.07391385773130556,0.09118548735703488,0.1060485813477982,0.01266068061631532,0.07220254991534208,0.1364455271825243,0.0548340968360719,0.029318480039027088,0.00870892070916044
