site,A,C,D,E,F,G,H,I,K,L,M,N,P,Q,R,S,T,V,W,Y
1,0.02691878094845818,0.017725563383983345,0.013821160743073204,0.019414459291419536,0.009978818494762376,0.021077950246560038,0.041415492188365294,0.05086905859642355,0.04714816720417049,0.09559933039196719,0.3494982906885384,0.02198490679657502,0.08466017572353603,0.021900655782617184,0.009843006475782621,0.019822990550905924,0.059229826740628745,0.04301909373574201,0.019611493318351905,0.02646077869813897
2,0.011495215184084504,0.015500494854916795,0.052215827763027675,0.12263118077533222,0.022539308538506,0.012321613599590346,0.0607820761849727,0.03364246056145736,0.03403768736697036,0.031023443269667775,0.1845975313384328,0.2589341500174394,0.008152853724729969,0.005457961351079314,0.006288897080055708,0.016648540431071508,0.003690817307003258,0.04823144603519767,0.048936372239696664,0.02287212237676797
3,0.04054454238997905,0.050448851385842784,0.04992720417853654,0.012931609352181874,0.026834743910210183,0.015783754588582076,0.10904187530589932,0.051454445185958514,0.05250226519357604,0.03272633396064947,0.09576065579970247,0.04524759547131204,0.011236467170598077,0.037483328041150815,0.20910821088659778,0.024592089033701123,0.028969891496636705,0.016236786308917752,0.07316161320148286,0.01600773713848451
4,0.0667723786050979,0.06757190884373553,0.0041851228354937795,0.1870485597078177,0.026146698421753132,0.012096012457209092,0.04648264505745645,0.06442154216284346,0.02872756234305554,0.016340547127295286,0.015595453820193148,0.0838288678250166,0.009515834616310326,0.05974421708951494,0.004645443606976077,0.04572699795941788,0.19008411863783461,0.032131020859906524,0.017498649416318995,0.021436418606753084
5,0.04861538764257362,0.061502305072719164,0.02012924057336534,0.050402508584181285,0.06789565738761233,0.019186408282917407,0.03670753293469108,0.13600633151375496,0.11883115938900794,0.03777920661947803,0.033282510865773274,0.041819545266054726,0.007771429120180797,0.04303826417173875,0.033467652171877686,0.06498290388507609,0.05859837002758312,0.07645281289280297,0.01845391457297569,0.02507685902563571
6,0.048744152232220464,0.03405418364801219,0.00857754323123154,0.07252571247752462,0.018649980796190485,0.020663976179655628,0.04256079259465854,0.17512936328936426,0.05941961544848042,0.03392648307117763,0.022367004806558496,0.027151224374273357,0.015859994480867688,0.030095902336089584,0.0795520430397511,0.01957230949577691,0.09861082238014741,0.09236231650843453,0.01765047911327299,0.08252610049631215
7,0.06861632189913305,0.01322026356282479,0.01258810980279739,0.031625610162147044,0.07001799494791974,0.029814840316725166,0.03251473397537429,0.15648335802870483,0.018498410113453333,0.11600073485521896,0.0620078844245579,0.043686293770616565,0.008633170822370159,0.019984550313504712,0.006612245124148872,0.05415590571831114,0.058980285280281604,0.13724066327774673,0.024652155456634545,0.034666468147529154
8,0.03309955309132238,0.10290176011278226,0.01767079517046581,0.009423913033954213,0.04439096397468113,0.013911044751267235,0.05314227509397974,0.05512634370624047,0.03896619412644592,0.08296447033272294,0.07154467485859854,0.038251608118192226,0.010783209458805381,0.013598259884764062,0.1615650268121636,0.01531999553313903,0.015241784675602943,0.049505389735604935,0.04390520818450267,0.12868752934476452
9,0.06043228187998202,0.09455492667687868,0.09055947523741056,0.06815557728734847,0.00830525380815586,0.02048061274665684,0.0210843115684052,0.023794159065924622,0.12374925677698868,0.011538045003009926,0.017218725896832474,0.10807284896950917,0.005911934848961509,0.026102832659615643,0.03170844784222422,0.09513850330120117,0.04939492958645561,0.07536267598233284,0.02691582334607995,0.04151937751602656
10,0.039436039992216065,0.03937147120978455,0.023997441078100538,0.02815102592609471,0.08325488251998428,0.04725738619177978,0.11781421226423647,0.08051797897860025,0.05059221244970842,0.042879785642510285,0.010986677547424547,0.02909502248951983,0.023342930597928163,0.02425387598490241,0.04527531010490575,0.07344017673800887,0.05892613225192473,0.09337053418880473,0.03052392911848851,0.05751297472507712
11,0.029463081521939882,0.06209849286481091,0.009602981079480544,0.0068335438497325925,0.02856343607882099,0.011429197786872548,0.10360192980752203,0.1901802843846434,0.03714980154940339,0.08581392800279011,0.06989691661313972,0.027086688464605574,0.005780008535524813,0.04209454570816533,0.01056192235239033,0.03583918763501364,0.06282027733156623,0.13784593664907382,0.02003206813355666,0.02330577165094749
12,0.02629020605764606,0.058277907402042056,0.009276667005000228,0.08042197082628891,0.020743559993309242,0.01839649253592638,0.03523243873752456,0.27467126102381323,0.004941421872845866,0.04906979828859822,0.19035624230191772,0.009038029930349144,0.021835988280893497,0.042234401130155606,0.012768147963416975,0.05462406179891156,0.028649567640709597,0.02119771099564225,0.004393691266060946,0.03758043494894793
13,0.03785742376698725,0.023632711818270143,0.07493446810038153,0.07683150654493058,0.005925080699013873,0.03933577955597202,0.06164118444231641,0.03483747650040978,0.1003580066258405,0.1120138235650322,0.11727794410159231,0.03266528682109567,0.018431862802505954,0.08920223047517932,0.04162167389563293,0.02604740461052338,0.025071792640898607,0.007239634444177187,0.052966891284900224,0.0221078173043401
14,0.07415283887011655,0.01153439386265375,0.06885871932835734,0.08365948699346741,0.04855345067888398,0.007653721556210308,0.008717973033498711,0.006968976642908053,0.015337656348538203,0.011235018950729881,0.04051315890339671,0.027895749282768053,0.06800804797374425,0.02750136062445755,0.04123111745078167,0.25469323665308685,0.03989971983220588,0.08646005959869213,0.02905998264925221,0.04806533076625045
15,0.07563278970034423,0.047979635522379965,0.015542386342163084,0.025085589881504937,0.018025482941227737,0.01075735914694892,0.02821872859490504,0.01764345734432087,0.021406629073900185,0.051468066240173825,0.02998232337125595,0.029506523931046854,0.024299033800383715,0.023751584580757212,0.421941464224668,0.042682941995366534,0.046355878986080255,0.028733426056343336,0.024581802496447317,0.016404895769782036
16,0.04206050055376575,0.06931526702908818,0.009031954218665842,0.028064495876699,0.04637091729149291,0.007794594869001407,0.010403243288283529,0.04204837789306954,0.015034227173050323,0.027309568989859184,0.059524470783348986,0.04384963505855328,0.04411288586768856,0.2596159992089071,0.021716087032952715,0.029435884717965145,0.07993120465880894,0.09346511115016864,0.03221551641639565,0.03870005792223536
17,0.014019921085689566,0.043210881396206845,0.01201151941922649,0.01373391224445304,0.008826795400519213,0.03272548787920231,0.09447449816001321,0.01493903638225869,0.07948910991177331,0.0512396007003934,0.012877576920093116,0.03483038376011813,0.009321470359836029,0.021301793459387312,0.44690586398702753,0.044986132870854276,0.01555437406660063,0.013261648534327961,0.015588688579980853,0.020701304882038054
18,0.12684905953367714,0.030427024525686897,0.04793544300090838,0.27631078020213207,0.0066803545166362315,0.1675202821661537,0.026186603609376163,0.019895948778456102,0.045798447181204065,0.016874626415645428,0.01813476289191512,0.013072383100301264,0.0028787647156146797,0.02888955459635278,0.02436685446799617,0.02831625944072207,0.034203549971330585,0.033706587488078116,0.0354792481216406,0.016473465276172442
19,0.023519513377082964,0.028273405990673427,0.015300212377861028,0.06250801313137762,0.021526315559008233,0.015375697110202292,0.02929601252798329,0.2008728530719906,0.03847641733262322,0.040608936118031305,0.08313062247504063,0.010757791111509039,0.009687910367126974,0.024963574914331634,0.0116570799883743,0.00766396930490034,0.10166447974794303,0.2304686188895377,0.02822467945278894,0.016023897151613477
20,0.008542934451802273,0.06954528163040537,0.026013822959634746,0.0073950371724606796,0.060719102853392076,0.041020608717895014,0.024405684431705345,0.1561055056596941,0.015008215040970418,0.21581089190349576,0.0942065487930734,0.005609401929173714,0.031494575758652464,0.04810116866099467,0.007642652376184548,0.011121251188242058,0.011818330026427888,0.1370986896814179,0.013399565856938534,0.014940730907439081
21,0.025489200672304032,0.05337617247985046,0.10065391678171845,0.041374887696922324,0.06168075098260499,0.03703429821462402,0.05486430319134754,0.07928613699039609,0.014471862670898361,0.07661143373132914,0.01946834207115957,0.048800809353084174,0.0032485292696213934,0.031831540179462776,0.09783877178282493,0.07192202196947646,0.08010352310076617,0.03781041096757835,0.027963498071599053,0.036169589822431736
22,0.054372697840108085,0.017457488200697285,0.029634415109742678,0.053006141643111335,0.02679231617595807,0.04583414701953561,0.061919479023775474,0.09089839565088263,0.09240231527435804,0.02943109871647496,0.06481703530041757,0.04051676225013751,0.0055036731425014765,0.023491104035357667,0.08059263646834765,0.040433492204247135,0.10658921113429147,0.07524058749802262,0.02820923062370075,0.03285777268833205
23,0.0157312233842207,0.0702641759167229,0.00487568457028384,0.03480227848325377,0.038684864679882185,0.020741477314403043,0.023630692125614167,0.09729344724416672,0.005124710959018924,0.009892365272535716,0.013032458997901605,0.050416621414566036,0.010273614495083103,0.08742129251745448,0.07627195265760071,0.02822297028621249,0.1923279478645044,0.1557786271818722,0.03314945987983866,0.032064134754864373
24,0.08478852980604852,0.038151627861236694,0.014596250768566216,0.057090385759182585,0.008471075811800793,0.026816996044518947,0.050308889110030605,0.08278384016045473,0.01105724412229765,0.015450236954647858,0.06581378337603383,0.058544997833239895,0.04458688382677932,0.10631039446011835,0.019874823576757825,0.05205626260302175,0.18199897015833702,0.03569428576459172,0.007938672335442749,0.037665849666892924
25,0.05130892296570189,0.015393491596631514,0.005769312621283338,0.021214432727267314,0.016858576399583883,0.005672291630367102,0.021838466141022046,0.16653823492450776,0.012282807919247114,0.08597117673237738,0.05843569057269026,0.005053086430190125,0.013103384248862017,0.0715171933257434,0.002496940917583497,0.03009940548531484,0.1409182232840116,0.24476333613212445,0.012349269022233926,0.018415756923256525
26,0.025991614542047767,0.013254919138811015,0.4609865458482207,0.027046727432372315,0.027983316601852992,0.028227346473275697,0.0225381159021247,0.034072897177659114,0.009644330687626669,0.03741300346321424,0.031724124341869615,0.05061816019242133,0.05438935027420833,0.02194323253288153,0.01573220789391011,0.01973279327028611,0.031657517345459255,0.014237041430038002,0.025780482046304287,0.04702627340541622
27,0.0588143669957327,0.025082795050859273,0.019604234450222708,0.011561582095180704,0.06342823763565515,0.033998638441404834,0.30872538644400704,0.03852885973997136,0.019340654920929384,0.0759672884847907,0.03482810701827013,0.05659856678337561,0.037892498733521844,0.01729120953187583,0.017179969577955766,0.04456515007896662,0.043802872299064724,0.04187681727828867,0.018800170864962582,0.03211259357496439
28,0.027018134539965655,0.05698223622960934,0.033743143753093285,0.006349512834986615,0.03974235620572653,0.14910511524820894,0.048441043510843725,0.051106888821088194,0.07998635507252486,0.004052321408278482,0.17792166721747196,0.09171368303752925,0.010302631495875972,0.043694456335067466,0.009232046995293395,0.022694417507650808,0.025245944009501652,0.029569759068623285,0.03591015780539993,0.05718812890326068
29,0.11879204852002478,0.04514397568319095,0.04605371200938896,0.14861451500293502,0.061383282908870816,0.01653430485693105,0.05874981950885497,0.013122596803345665,0.02597620288249894,0.026600108583369735,0.08338155344408277,0.02456293193240116,0.025720839894940083,0.020514547098406177,0.01843642881232177,0.05543795181040428,0.027087452173669153,0.09619233506038335,0.023313822919132338,0.06438157009484805
30,0.015660231923471452,0.05553744407688794,0.021229753029194064,0.04486050611548366,0.021784507420418053,0.017047284036142304,0.023837141959802174,0.1978531887131334,0.0058133834278805115,0.06655706812207242,0.07474986847808032,0.02518646837694983,0.009061661477671953,0.014432780995844332,0.006013268986068269,0.013538676624326012,0.05356915140391544,0.19730115889033847,0.1252092671078347,0.010757188834484666
31,0.08845499123289996,0.06623223934214008,0.015848168527803796,0.016159434792417993,0.056278514139634216,0.012005356288892596,0.015487518051703057,0.060068275765929414,0.017784939595792727,0.3101880088408283,0.09267764309179435,0.009018996040222965,0.018828364875749973,0.019526846547366195,0.006260164707630776,0.011229101296160008,0.07620711039423926,0.05754723177526047,0.004352543153187477,0.045844551540346404
32,0.04168550172092099,0.025626348347441603,0.018945166882140003,0.05853700350371237,0.11586016129348299,0.07063377527084545,0.03418403141162309,0.06312592201436118,0.10074288162938673,0.033768258963871554,0.0913313410410982,0.012768426400139896,0.002325965301677162,0.029388392291618208,0.01672431403319528,0.023423220250725088,0.036646616066131794,0.07578839833756931,0.042612274502709255,0.10588200073734984
33,0.022583300598316144,0.04629029759590003,0.033825678561604344,0.02637535143128063,0.03172996935850751,0.01857165515670494,0.03856537061782826,0.034766945908426064,0.15425059780768244,0.13398021655933787,0.050693442380119816,0.01793053711451801,0.025982605229458836,0.031681956508975435,0.11758330192617714,0.016828998607978974,0.015785856587029124,0.037599010855520816,0.10344796338778232,0.041526943806851305
34,0.02313660921324347,0.029998939173314323,0.0381242522003693,0.02882460137486569,0.058044297812727685,0.010664280357814073,0.11527530634950663,0.0802049707870632,0.019718858081149905,0.03575293347316667,0.017257565453901436,0.04719522891095331,0.04393981956399835,0.09759293565078958,0.10025831425299311,0.04067912202791221,0.041886890107487314,0.011793307627672589,0.04577584863380705,0.11387591894726407
35,0.040969320627479204,0.05157613071417991,0.024461341475285205,0.04608183625938442,0.06747150882303385,0.10109534679112567,0.014843300511241705,0.05448611235780585,0.04945603532762651,0.023843706404105415,0.011678986743447663,0.020802662113298585,0.021559232972330165,0.02902948227198538,0.029330723363671176,0.14027485181990149,0.21258630294577346,0.02363760585708903,0.022829024236156042,0.013986488385079291
36,0.021054654424694,0.0196867275065274,0.015987552252811437,0.02611173277276344,0.08792960176825647,0.051063061922016914,0.17983704460755923,0.041232483553923595,0.009754846551273986,0.041990343795620146,0.11761675345970736,0.020480144730646018,0.005836319664554879,0.03412301699000279,0.004868853614738562,0.11118693964185807,0.05256449186534211,0.029200598464216677,0.06490504348378136,0.06456978892970554
37,0.0658016481921099,0.04155197458102624,0.008533740036340677,0.052870252864750444,0.06431148694614762,0.07968524969362509,0.04459664706645934,0.034265242695766515,0.015313214277952562,0.06330167421325561,0.04345604569171405,0.04446804924098697,0.003668662336847202,0.037021931870041484,0.04257348489116807,0.06937646506768062,0.064724010994776,0.11203052624790671,0.038645719685898326,0.07380397340554655
38,0.023757458869314876,0.04200027679747882,0.01992296094312571,0.00985300170257277,0.05211418598574128,0.025175645498675344,0.028433813176168384,0.04677154904881671,0.03478070509980753,0.03729565350953352,0.015750784964035945,0.02613805191846562,0.021306090592280974,0.031800544245290004,0.4698756460392431,0.0494256712686219,0.011586374698872828,0.0063957050992832385,0.021692315728622263,0.025923564814049182
39,0.030232001813200817,0.05348997271602043,0.022193484051463357,0.020452024490009494,0.049190946624765114,0.03241108697289792,0.05359504747813696,0.11802414821938632,0.03658443707073794,0.04241170657910186,0.03771828256139184,0.09162682882150527,0.030423815991176894,0.09199272622391391,0.04377240309996039,0.06148996733557421,0.06927683802523117,0.06157529813120523,0.018552953760034106,0.034986030034286776
40,0.04765411424565209,0.06567533645788881,0.05415732140288833,0.34542208287504544,0.01326142544174011,0.022961194812909837,0.035882242011848184,0.03194757817123469,0.062409098460525135,0.033414101849382614,0.03456749286666572,0.034267043200099725,0.028721225009270438,0.025889111282187287,0.01928933803129175,0.041827010143715725,0.008982961461648606,0.03565447068507193,0.04118866264399729,0.01682818894693624
41,0.021429327785174885,0.021560523591269993,0.09114705563907645,0.03204950550603502,0.00800237687023044,0.03034607840626422,0.007559804168880194,0.016472126621070254,0.32616020393856265,0.010276611294102619,0.050262007108264575,0.05090377585999397,0.018468629934319993,0.036498049177591425,0.04262415607080674,0.02665944999527908,0.01937154916096072,0.07633142382357937,0.09132507054597735,0.022552274502560022
42,0.052872272522927054,0.12064049371008194,0.04571813782692816,0.021048712460050745,0.010807642028163204,0.09523415530996235,0.040487754870447375,0.018374544406475398,0.03409673534231279,0.030129934761121736,0.06257106586715844,0.1354171629760178,0.010026866457225302,0.05480659879196472,0.03483984425606654,0.049174959257271396,0.019811844570350946,0.07633907951872144,0.05774375320368491,0.029858441863067783
43,0.10048432987446816,0.010166882759502342,0.019729724705395753,0.0182328388610291,0.06076141671530615,0.015233225450520067,0.05327499851671343,0.02163395106958081,0.008695493675909344,0.03702142040310438,0.04355530135360385,0.02581903791728058,0.262853148934776,0.06991643358386436,0.024702993073506093,0.09140991427976213,0.043566880278478826,0.01830377319807926,0.0374627273628556,0.0371755079862637
44,0.12909492687594884,0.019290348980031825,0.01309909198724726,0.04799044014426992,0.018128781943667266,0.05102730013318357,0.022677790816531984,0.16462368098860053,0.02498445775288502,0.019029041682709608,0.16963870031844938,0.0626845291536044,0.006867767471165678,0.04739715159169531,0.03748355177344959,0.05547258909661994,0.03203192085514916,0.019129482999988335,0.02284586568681664,0.03650257974798582
45,0.0249234875210967,0.12263159848179896,0.0037056888497960833,0.006663606194956687,0.04471381421549767,0.0019812495904684762,0.006880086582659692,0.1518594226310059,0.004879193719523403,0.11408080964669783,0.095671771914757,0.009597452102502086,0.025638187699909838,0.009624673388215425,0.004097550343960731,0.014133035231410065,0.16343775113602926,0.16402036906549855,0.026951233889848436,0.0045090177943671395
46,0.004478119571809075,0.02025088596984274,0.010947070783208026,0.04899208255066057,0.03133468675557665,0.022308482736115538,0.035964506445623774,0.019736774942258013,0.03893298801262432,0.023312989422387007,0.04939843706054888,0.04904986429708715,0.03236513250616314,0.018932811087593943,0.3937833672094447,0.04509645514726046,0.030354096867781958,0.03754468797589924,0.0642208597165412,0.022995700941573657
47,0.19930478511485641,0.03941757243432721,0.004654005940206244,0.009583017427876896,0.005339120815697358,0.03324991802839151,0.01421176214530021,0.046822884544111106,0.014624185843360197,0.10162345066392466,0.19249627050030182,0.0056723561582883416,0.013734185884342411,0.11522705847709033,0.005283719396067962,0.03622627535009179,0.12338025185417177,0.018889043648543047,0.00851763158947721,0.011742504183573496
48,0.1740288780267593,0.06811304852869243,0.00826236377729277,0.018213310763108115,0.04947553252899928,0.025886241079632732,0.07258039128201667,0.03983303899409076,0.15003547509940732,0.06878982763939148,0.08956848729311533,0.022209452081713096,0.015748831067592183,0.03237639978866138,0.025739911135903817,0.02139794229974247,0.05251508787511652,0.019631376215151434,0.012986942373307662,0.032607462150305265
49,0.014598783080773973,0.047912504321359885,0.041041833314387835,0.05552014739584523,0.014242569495039015,0.05697952097913568,0.02131353530453655,0.009621696436886241,0.008777259212461926,0.05429077170435852,0.012484179960181557,0.01584915783639074,0.033959974755736866,0.038730162184584666,0.018987672117601398,0.02570796598198011,0.011923750604402246,0.014929850817471953,0.4571972345413358,0.04593142995552977
50,0.018299318771721824,0.07171923154531039,0.014800190950357313,0.016440178014370786,0.09695891692540143,0.04409597772981206,0.02275505493891265,0.053305545013647544,0.007934792989191142,0.047875008438385144,0.10567716461219877,0.07147385949925625,0.010276485836922072,0.1275175298412626,0.01161146293018109,0.08874867341338644,0.028265364036513335,0.01727434807384582,0.1079888934375421,0.03698200300178122
51,0.05837681724292644,0.03497545606712865,0.020400804928021054,0.018782653801360728,0.04266468475011752,0.08596716432467406,0.009203439647832145,0.04704232127050088,0.022720681721788212,0.05612039553687362,0.16597285116712024,0.0375166542031615,0.010550434546060692,0.08974091246210505,0.01714598270850843,0.06722400838667289,0.053570455692518636,0.08098261338692059,0.054275329125339784,0.026766339030368885
52,0.10572688241819463,0.04718240368953902,0.01013003470977584,0.04868788220326141,0.0466259608712074,0.1484315182166365,0.05635629717508513,0.003434317045398137,0.0399684896277395,0.0011293249007429686,0.038892363581012585,0.043760799755950375,0.024551629929239215,0.03995671528098565,0.006810942903624388,0.15546270429387568,0.06571366154354291,0.06460309184821386,0.04036758755098457,0.012207392454990243
53,0.05759807493306488,0.04811050110735277,0.02953833469600396,0.013030175999407664,0.024279026616505276,0.06856858578789149,0.037479053524306874,0.05246494856187074,0.11873822816066754,0.06962197242895693,0.11527659798517056,0.06568951985018494,0.009526980669517562,0.05124297389530518,0.03288037833745321,0.03747899808069021,0.054516714323353255,0.011446844623820349,0.027769738981719666,0.07474235143675693
54,0.04571825563610576,0.06831252785515382,0.005805794004679976,0.02595079338754732,0.09916143946510861,0.0270792891256548,0.04426295464093513,0.03035127541797575,0.10367072014070654,0.014103029016000778,0.038219879782910186,0.02365985985068312,0.023688154792937007,0.06598224722704046,0.10047562792142507,0.01925280953021091,0.03495134658250682,0.0323989223851296,0.05491000553765055,0.14204506769963782
55,0.0814475745551037,0.11251479086813918,0.023331663279043464,0.035498254206454895,0.08549796442498762,0.0366600692527887,0.05783446583044672,0.05093543911956568,0.009812456077184077,0.043855271577820966,0.020085249645959972,0.10591860911989888,0.01535867116641219,0.018498371101482555,0.02802562367458376,0.061899191620106604,0.04294652535094176,0.05919860542803701,0.023248948279431164,0.08743225542161111
56,0.03885725113533621,0.05345561184909955,0.013138309663156485,0.024198065526903945,0.08588636183430536,0.01427199098290987,0.03208827665204133,0.02766366579984473,0.005358062295540448,0.0709936127377509,0.20525132957763637,0.05139117249506161,0.12452186459677944,0.043606045050273344,0.01145910696567847,0.046672899036608234,0.053571228685093966,0.05957352244295224,0.024325906241153446,0.01371571643187406
57,0.04248715224783593,0.1198935118862612,0.010008520037124172,0.009957022706059372,0.14483797229220507,0.03218085314238157,0.06011555142825259,0.09355589517847113,0.011491468996617791,0.06573619814257985,0.09457692675365367,0.012281586516266974,0.01198615006913114,0.017914665959727516,0.004681534732754031,0.06811075661268963,0.03944776321654442,0.08415436067352701,0.008909194988683951,0.06767291441923298
58,0.04293450268957136,0.10326808263167148,0.016804364542482537,0.003915311492591,0.01306796781249526,0.06684532773610687,0.01801518821417945,0.04075876689903527,0.02920092182824498,0.031348048630238094,0.01398176269050693,0.03282563193025065,0.017412261875943226,0.0654876862404715,0.03718407437320894,0.08934768329464467,0.1398153824438794,0.1972318760250844,0.028123310164217843,0.01243184848517615
59,0.24010524117355836,0.1628282557898155,0.014320458097617686,0.04861917729146963,0.021487842383885562,0.13528154265686862,0.004909364705616351,0.00879201294770248,0.00938628979896905,0.02119446530252647,0.04866173399509279,0.05542638033858414,0.01307855709097903,0.01644348504365285,0.012323007569505946,0.049181328174279206,0.03015195721955128,0.021155667353630274,0.04074958537429681,0.045903647692397964
60,0.02171234510958682,0.060746438985433665,0.03500483699675642,0.046235366862778696,0.10208259728413731,0.04646410558047703,0.03592770452912382,0.01611299870749513,0.015574965121859557,0.06024831764123276,0.1912767411957763,0.05382223232498011,0.0065642679119221016,0.014589527842782132,0.076012069165587,0.07895405371098244,0.015447529274110696,0.019792428308965677,0.043130666427884524,0.06030080701812783
61,0.03342188220079876,0.06437953078870351,0.016071271362229776,0.03711658849530893,0.036870524418211405,0.03263642165917525,0.03139763546710894,0.02923316645196088,0.08056036431772656,0.03387318417669184,0.03509313356265193,0.045158840322776214,0.04362792327627173,0.03594268126008018,0.08691503074744394,0.04718169483737482,0.06667072425398192,0.0638801411502625,0.13962014240767617,0.040349118843564735
62,0.008295110850537083,0.03132094810792852,0.01117505446125627,0.003582494059416512,0.027845288256359357,0.03804125275747515,0.04315112903739234,0.224879546943513,0.08174258555752642,0.04596077206343667,0.0460444249181371,0.07594038245007997,0.017887606514605383,0.08341680883870288,0.07128988053395775,0.030286562534898195,0.030020091737293114,0.08152608270451282,0.017765977594853922,0.029828000078117547
63,0.07541904267565809,0.10989032773316812,0.0033067823678299456,0.06719152917409091,0.009523440375651403,0.05156120362364494,0.03169738422235226,0.12159971252173647,0.07028408558111517,0.12402944877236911,0.040107392790688944,0.0024465619164123894,0.019872305672846015,0.02884703918173989,0.04146922571568572,0.05046316550751766,0.03277477303706131,0.04844660602320782,0.031450793249576385,0.03961917985764746
64,0.09081564108825338,0.03931211863148649,0.03694779375003539,0.06976293875393068,0.02067964655743492,0.052255045233290436,0.055674868108764555,0.04328267672965194,0.025767504596860204,0.05407611161148482,0.06926220746389701,0.07799068706374286,0.06209856498108294,0.030416878899168404,0.01689746584195708,0.06953906488020814,0.07347703712565468,0.04413777828814972,0.04096721252367062,0.026638757871275766
65,0.08567099112707285,0.030746741691989054,0.05171908302774252,0.058681751003217666,0.03251832088773601,0.0335658655411789,0.03083640914813696,0.06935266012939845,0.06924263083767786,0.04483764149607858,0.0266378307643501,0.02598109639037447,0.04950086600369357,0.05073252948270162,0.052234186667627754,0.09432210723416032,0.07222736665998422,0.049203321861388795,0.03439422603593334,0.03759437400955704
66,0.10352416487848937,0.023440208782186656,0.0411074749127329,0.013565193347507352,0.04837192580761136,0.023687515884618326,0.012158013657741638,0.04247555665859942,0.046745442820269975,0.06751647297032672,0.06289657820311567,0.05020035966935821,0.02911080784130775,0.06200634218151269,0.10411603405815069,0.07129273542359316,0.02252003458290912,0.0712546774971422,0.09204749909169432,0.011962961731132406
67,0.09450215853964158,0.03540003680957482,0.030406843762268092,0.09308720923390955,0.09041501053909423,0.018663676090925327,0.0645326851100436,0.13443794088574332,0.010980738844633455,0.07162230747194823,0.018870109906623002,0.04175644921172735,0.0075503921566013954,0.059056307984091685,0.014498740874891714,0.034652572790717706,0.06792852600947319,0.028527031050657622,0.022145274538015562,0.06096598818941852
68,0.02904904893585023,0.06749781895739332,0.05898821536525763,0.011620169122090594,0.015529042040139772,0.014563734620373537,0.07021550662695801,0.07610046998652793,0.09391200860172931,0.007162675436375376,0.13516779631782128,0.07938031744641666,0.06761912150755894,0.028108382121192262,0.0431133428842808,0.03897698821331183,0.053470981801900755,0.05994523417657305,0.017964931682089836,0.0316142141561589
69,0.044766287819957055,0.06621431095953378,0.0490391414582757,0.05884857587825794,0.038423548549259785,0.0435083403598026,0.03830199994295937,0.03043372002630538,0.04490159684037643,0.03768932421078304,0.02576965306043776,0.09859566959107527,0.03956583350072532,0.06540758265986805,0.03943119332872955,0.0639669105234584,0.11425939471187586,0.035845183347766325,0.0143755237659621,0.05065620946459024
70,0.04139844718789971,0.07137934506782521,0.052742641288790346,0.04340607406218057,0.07077563820486002,0.08472317041907432,0.030011964525074313,0.018158279126359526,0.07287132162726229,0.023321809369652256,0.04753324681297527,0.0403988286451266,0.024076151778872013,0.04789470930676367,0.11456398583525015,0.041565582938828456,0.05178155515496981,0.03309668322135298,0.04920275996672291,0.041097805460159564
71,0.0792973006423524,0.10962179747609828,0.0588141894950352,0.04834774146023618,0.012714775929603047,0.06296567136021562,0.023523256045929804,0.04128334233359147,0.01459600781932367,0.034730847913589546,0.019192179174737124,0.12759736055140009,0.007002198058159037,0.09779673974008522,0.023371572225347716,0.03412461235799788,0.09526087493943969,0.05543448122852961,0.029865559253424014,0.02445949199490441
72,0.03190300390564622,0.06852238827883841,0.07715729484499353,0.05339169458925175,0.02022795822433775,0.04770440013937843,0.045729154650161835,0.07291624900659249,0.04199617845180253,0.04324156915875635,0.041649841244806085,0.057821958421799116,0.03591324318630059,0.048675501818476824,0.05330215867861466,0.04837085320907821,0.03318892347622866,0.057277151025910224,0.0959931271589203,0.025017350530106036
73,0.030352867037347186,0.05018162555423896,0.08419438904803536,0.01093246687929515,0.05924304882351098,0.07965038927013131,0.05497491975870389,0.04323188563465359,0.0669935842661804,0.025803251397644333,0.07360912133524469,0.05322027622657038,0.054372151807336296,0.054875505021027275,0.07253013763000209,0.04595576477878325,0.04084778617547182,0.03376729303235215,0.03242845023367553,0.032835086089795316
74,0.01705868940932843,0.17382327072059747,0.06078763133454188,0.05650900472491947,0.013905519085964312,0.03305805351488153,0.018324216418462304,0.015606302422155128,0.04384742395138436,0.043569335829061404,0.10206405394593729,0.03384824486997729,0.017336409895013068,0.024858920942135983,0.028982557879066576,0.028501691615172582,0.041288503583332664,0.07700801302270535,0.13768099547226795,0.031941161363094946
75,0.025657423929006388,0.03240656928894025,0.06568181648223302,0.06854220485307727,0.05203608622113081,0.040166451127007737,0.051700772920117787,0.05564294560214563,0.05011298998063809,0.05557173093163067,0.0790696912124268,0.08690777720528084,0.006639038314790131,0.056779325182349474,0.029503187161151728,0.05401578151361136,0.03859847070954336,0.04894353831729924,0.026852849349768598,0.0751713496978508
76,0.017647429641755877,0.04186847329690762,0.02508976174579075,0.043067098704802735,0.027558218846911803,0.047611477661480474,0.06788086657810055,0.04357080779314897,0.026333907966755426,0.03712893532507954,0.017071736318807932,0.04202885258936816,0.040037425090120655,0.044997423832738984,0.020817872654427194,0.07154486258334096,0.04129059528476481,0.06990648459410635,0.1857811793830855,0.08876659010850575
77,0.05057616444877009,0.14314602169675605,0.0031451080162647957,0.011597284453895108,0.195822699860458,0.004430055443342758,0.05720589584757988,0.05808042435626888,0.017489461739203297,0.07577002259780907,0.019326017053799646,0.0996101169642415,0.03176075568941747,0.0623517727342072,0.00860298570107686,0.0033464424131175513,0.04709629674529118,0.06301482038100736,0.0038723745158783054,0.043755279341614994
78,0.04272204535058693,0.049665187381696854,0.0022013215370869366,0.0073846096085335095,0.059879615185480226,0.019089162588718876,0.040794419079689226,0.08120593970604853,0.01559704836279086,0.158941398885395,0.1273408957192329,0.005561078527679798,0.007070809479296307,0.08825358747901002,0.07598107200230651,0.029609597089468708,0.016731849329523055,0.07977955075786096,0.0692325536870591,0.022958258242535706
79,0.03292468131976597,0.036766096053767745,0.1220916799788678,0.015338154700778529,0.06026170688990312,0.08726587701175995,0.08114418892545669,0.04655870311454019,0.03744945324943638,0.07213545826099159,0.027525621386730086,0.038517478482204555,0.006241757703809344,0.0341787684989239,0.048254509247617344,0.07110714292760366,0.041218102735071156,0.06888926370638922,0.03684845628039928,0.03528289952598345
80,0.03807490533631918,0.037567339869839136,0.02133171119284234,0.032002473556528105,0.11172536475287957,0.07022258003000291,0.041178346836481056,0.05870665067286477,0.07443459542923121,0.059802301540970326,0.09799651580742372,0.035428646736938546,0.03432081374103314,0.045185950384712965,0.0469508470941325,0.01871432113445533,0.04135679495619056,0.04754100585447712,0.04421203347815625,0.043246801594521274
81,0.042237116560256166,0.11415335294774,0.013858233470692184,0.01492383389554221,0.07257031348259323,0.03887397739103933,0.045219726581916905,0.03640874528336708,0.09340966980593357,0.03799835724962468,0.1206167740160555,0.05114219479112777,0.0070509079637437085,0.03749033261614799,0.07674271851393505,0.0503005319968097,0.046956634176900096,0.02968014296447648,0.027151414070954557,0.04321502222114381
82,0.03711612331275784,0.04040234665914136,0.018514600194237146,0.028881672848798747,0.03140772309494545,0.04117474742573266,0.03891689378198159,0.08147405971705574,0.0775014565551769,0.042218770142844614,0.011751665719930493,0.05187196434892693,0.04176002123255554,0.049101733996663746,0.08631846314428049,0.08698969219817033,0.04735127600416462,0.08361120963764601,0.04745331776018915,0.05618226222480061
83,0.021248848861132076,0.0464748315576719,0.3687659660062996,0.031099154482633413,0.011757508101236635,0.04748502573305021,0.03080863152353246,0.01591618456625691,0.019476853069078013,0.01168739252850205,0.03763808049656221,0.13694327310738932,0.02907975504735437,0.047209685048864324,0.03183492952950744,0.037572397016477445,0.009790315748429463,0.010036722667749756,0.010885753143704345,0.04428869176456809
84,0.18815496060199133,0.10184160062227768,0.04466109247461055,0.005264836908020233,0.0150064249073118,0.04482621789656184,0.014382520314352984,0.014428692715016185,0.07104730221857761,0.016997335020701304,0.03423685464610386,0.014771552663665505,0.2013792951448774,0.006540241140637375,0.002194154579780985,0.1066646847111006,0.04839028825253421,0.03363140205563558,0.013758805482840171,0.021821737643402797
85,0.2544799239853666,0.048437510147014376,0.0253341801596778,0.03576750232814169,0.01970175223308531,0.2001339349346556,0.0066681843395683515,0.09555959614904154,0.007431859375250414,0.0025489645578300026,0.039569868057660475,0.027720225257003676,0.020066373179303747,0.012208273663657652,0.010981953199390257,0.049081904097528786,0.021025974841978514,0.04311864696014942,0.05865966324513645,0.021503709288559287
86,0.055653172550866284,0.027220103328540197,0.00746225653648421,0.013795213659634419,0.032658806514417243,0.08323184882900883,0.028777848799735897,0.031215648458621677,0.007225311785137596,0.010854028114889041,0.012708664292921525,0.1029202811653703,0.029456757516453432,0.07652041517333535,0.11221998924681531,0.15426237856361602,0.09065768291423704,0.06792390885002106,0.01108506102358474,0.04415062267630982
87,0.07633343892457727,0.03922414762529296,0.074053066787083,0.033766927280823714,0.04149356793770117,0.04650514800853966,0.0604718977619667,0.029251368218469007,0.03906378866444537,0.0733946869665393,0.05305502296612542,0.026164181427388997,0.017782656217768117,0.05115998386096412,0.08140054477382849,0.0644303921698488,0.1065035804083026,0.021166985223671195,0.03163045103049826,0.033148163746165825
88,0.017520562640739784,0.044658765396760114,0.006835193267773197,0.022171593198007752,0.03508930290885734,0.021500881942210733,0.08220001881028542,0.012785581627197416,0.19964793877302336,0.05168946477404169,0.0500487649218692,0.10168979947818355,0.005714692603150986,0.04551440155650576,0.1440113293509796,0.023034637010613195,0.023955088899061453,0.008180532261205124,0.08570267194179583,0.018048778637738506
89,0.025922738467613938,0.05809317124390753,0.026250919862348916,0.028191368933477765,0.04038271992364196,0.09452299807172387,0.019016905808426843,0.03033392109891746,0.08316576296506596,0.04874021647530915,0.054244612893098405,0.08070588872053429,0.051231610383184883,0.013562457134443416,0.07175170351279883,0.06534272307521066,0.06199564854031174,0.09104983532733733,0.04172067770904051,0.013774119853606532
90,0.04495690710191295,0.039583109865916406,0.01858658114207765,0.00765985719816963,0.031765245973609836,0.02998102458487154,0.009287921572672095,0.05408745145949159,0.19802403558624096,0.042387436529777126,0.1245218324322979,0.05799927413287087,0.00745682480892277,0.030488277541866945,0.04809651676038847,0.006257586877735308,0.09971452310307936,0.036531286149659455,0.09395866298858829,0.018655644189850797
91,0.032210328929452976,0.010432939133489636,0.018490593532632583,0.11032793588888914,0.02543441559535164,0.13268811743442513,0.032180733390535565,0.12451196647867327,0.017089400228253032,0.03588065510171292,0.06837858001353346,0.011973722643335051,0.03065593081191074,0.00710250906834623,0.00889158968005401,0.03852721666663758,0.07455621641458168,0.1754519405277607,0.020676686833583643,0.024538521626840972
92,0.0927128917978435,0.10408068528355409,0.08758677344791288,0.03968366314805749,0.01752459208193113,0.055344504752875626,0.05008803057766264,0.010976074606190505,0.025850441231846343,0.012148390840283923,0.03058674770892032,0.05433691851760156,0.07195920824646908,0.06968239033815356,0.04129944653127483,0.11806631898253424,0.06244167210458046,0.009784767191778126,0.02434639884192538,0.021500083768604347
93,0.03897348634149249,0.015874373963905945,0.03824002768572706,0.0053577854139051535,0.04249182997290016,0.0965374464689631,0.04559533275577368,0.10936784531377303,0.06387988607455475,0.06727706329725151,0.03613023470586605,0.04476928178645717,0.08851042261531195,0.029114746158077656,0.005760990012967208,0.07133993327661489,0.01653049236311126,0.10669739679501122,0.028645795356761754,0.0489056296415739
94,0.016784291729548425,0.05663540168484617,0.019052442275102353,0.03383607781140108,0.018257593093505203,0.046768297237360645,0.06414790530864951,0.055109027452331566,0.042611249055953336,0.08581541843384062,0.04518623395197255,0.042608293880763655,0.045210990692195585,0.023867506908251217,0.03702805203578875,0.06900563996292758,0.059317818928530684,0.10056369143501594,0.09515126940210177,0.0430427987199134
95,0.13522230602262358,0.1487112872292587,0.05166742816192375,0.0160770301455603,0.01580711092209357,0.11349206084673828,0.0033534397601277695,0.031847984337712944,0.02593945379999367,0.025562218906715107,0.11648156595996556,0.01603879372473526,0.005701880640749053,0.07123972974419834,0.013766192342103611,0.05105459960788489,0.07819643729712485,0.020884826329825548,0.052066394208933886,0.006889260011731319
96,0.07538529880679225,0.02792842422712061,0.0119690814322196,0.027116300546278064,0.01237359178988604,0.026007138315233727,0.07322309522650503,0.17972015064510874,0.011080143032600463,0.041314263320270286,0.05494800747700647,0.027206043352783132,0.04855026882277938,0.022618680089244437,0.02010115876548518,0.017221161069509727,0.07509858183870335,0.20692767344291996,0.01915964578975393,0.02205129200979962
97,0.08186582150972449,0.06165948645258543,0.02208244481442959,0.015657958684839792,0.021514900644328996,0.11472996876820207,0.0079671354786873,0.07950555090961287,0.04917707335453434,0.061461038730087486,0.01149560033862998,0.05428013495654818,0.043525780391351264,0.017506256047775916,0.028180837848262884,0.0805547881284315,0.12150665073206812,0.07788681667172427,0.03356816383769665,0.015873591700478903
