site,A,C,D,E,F,G,H,I,K,L,M,N,P,Q,R,S,T,V,W,Y
1,0.0012373909521958381,0.0004221583320663332,0.00022251585563651862,0.0005335877544830455,9.62179091300506e-05,0.000659323851385271,0.0037504720434155423,0.006366542985694353,0.0052359628010279335,0.03229464948780013,0.9081558745936293,0.0007348350579856519,0.023620875471190187,0.0007276089210359502,9.288343429148549e-05,0.0005629671689920868,0.009418862219136046,0.004135706942259938,0.0005476372106921257,0.0011839270079519121
2,0.00019961597250859933,0.00043087279314187033,0.00981571982495438,0.08836650243382421,0.0011293739709236467,0.00023866948485724878,0.014511926032237072,0.003166246499638709,0.003262870528682975,0.002570114027763606,0.25319819927441845,0.6049459760795306,8.244487221819917e-05,2.9349595207694495e-05,4.226732461191112e-05,0.0005178642669532147,1.072238616440713e-05,0.008001991263738515,0.008306477754588738,0.0011727956140358284
3,0.00934321793961829,0.016398330717633077,0.01596545760886283,0.0004933629125151193,0.0032298308453901367,0.0008240426384398673,0.11922354281290581,0.0172528701813821,0.018171694439017342,0.0053832177795440535,0.08534600181828456,0.01239288009631458,0.0003436413636032329,0.007633862507741967,0.6370569916955224,0.002580044206908413,0.003933303430072248,0.0008863008768994123,0.042686929016629516,0.0008544771127150685
4,0.027998718376924078,0.02886975192434467,2.2445606611914094e-05,0.3967814991515809,0.002506883913630991,0.0003447370231833398,0.01102204958630677,0.025531417077535104,0.0031941588697893754,0.0007476360474613263,0.0006630141041932201,0.05028312082796403,0.00018591264052693,0.02102909705014981,2.9361199836141218e-05,0.010566754389510895,0.413567227602746,0.004260984459654599,0.0008917231280386055,0.0015035070200111705
5,0.024406662235952413,0.04470332166783026,0.0025227674173506484,0.026783147418613585,0.057661573531508775,0.002229745038455454,0.011842838629647837,0.3447061670508983,0.24352843714966674,0.012753293444099948,0.009203822042815385,0.016565155216117605,0.00021779772263730895,0.01783630638958283,0.009336174147820703,0.05150788616225438,0.03947068911380625,0.0782654671426824,0.002017179263316503,0.004441569214942589
6,0.018647943615741413,0.007408917682139678,0.0002130776450173375,0.05185516339000777,0.0015729822672056956,0.002048093367492849,0.013152265177752429,0.5014398325111722,0.031045412572946764,0.0073376207019152095,0.0025111532302854113,0.004135619993106354,0.0010365518446140691,0.005390587917394907,0.06578918428148323,0.0017810674653427128,0.11434629765400257,0.09661605416970633,0.001365065296946447,0.0723071092157265
7,0.04296117379539799,0.0006198974645210775,0.0005464497555567495,0.005851618427576027,0.04525639376943634,0.00502770658777815,0.006284460434018825,0.35859557928636043,0.00147171610700772,0.16595507656509104,0.03310385998080022,0.013439952309705714,0.00020700718121196605,0.0017955646499880204,0.00010420370526552363,0.02336338687763567,0.029102070585277234,0.2558205748455669,0.003081987677315231,0.0074113199944891095
8,0.006782842565375958,0.12568176642495085,0.0013485856830287824,0.0002674019221494181,0.01443781901280801,0.000728566323181033,0.02294211410910779,0.025211926570441072,0.010323025391504568,0.0722008203245223,0.04931828635340903,0.009842784106702378,0.0003782470735073973,0.0006871461033905215,0.4013699473360617,0.000933918282521715,0.0009216961414870923,0.019115772358282768,0.01403468118097715,0.2234726527365904
9,0.03873166951418421,0.12258968343697169,0.1096968872334817,0.052784025763365265,0.00023423833956019404,0.0023909244743023136,0.0025765482423498543,0.0035171545206256626,0.24503342898857575,0.0005459398816172281,0.0015298541759637362,0.17290931611947224,9.765707970862414e-05,0.004463783091069278,0.007364740589941013,0.12454650270587325,0.023048087420599425,0.06836942933121985,0.004830435743850532,0.014739693347268379
10,0.01670684139482958,0.01663652762211339,0.004652115924483533,0.0070160222102748195,0.11432413947339587,0.0266155270444995,0.2794071593165865,0.10489972156839616,0.031721653370535556,0.020724129544025867,0.0006228170782749329,0.007637644158761078,0.004332516396385639,0.0047811437104395334,0.023836414882266083,0.08278031414552578,0.04696826184684965,0.1535726989103966,0.008640733704671682,0.044123617697288356
11,0.004022660704329885,0.027410725209432715,0.00022459347677854008,9.35601150280997e-05,0.003714069772285675,0.0003515621213994401,0.10233977940489461,0.48866304760484197,0.0073053377141182535,0.06302036538660198,0.037166790037655446,0.00323975417967055,6.080365742412186e-05,0.010076721100899291,0.0002869395795370713,0.006660289869686127,0.028238260233850312,0.2134342702928835,0.0014902715653451956,0.00220019797333712
12,0.0015807900841662546,0.012264954818673885,0.00010826232592420793,0.02809743792387065,0.0008590167230703241,0.0006306405574728251,0.0033583877588171576,0.6631871319435801,2.140115822688842e-05,0.007878234738776387,0.2580874523629266,0.00010123868068579231,0.0009803264336800276,0.005354889545860902,0.0002463526858287964,0.010382227063564576,0.0019721470721943864,0.0009082596884057861,1.5816679840832798e-05,0.0039650317544335165
13,0.012462972453221094,0.0037061551661648332,0.07224952360448718,0.07705142881220538,0.00010532437795898418,0.013754390577641454,0.04370674648278121,0.010062267356227736,0.15324110879815062,0.20332765779537215,0.22883918009597895,0.008525730040203287,0.0019547688147064837,0.1131506832221772,0.015906751459816362,0.0047606842663492615,0.004315170955581219,0.00017640380293985807,0.029581530908621763,0.0031215210094147866
14,0.0322439629988601,0.00026820545345457287,0.026647221343661594,0.04398288029130143,0.010841889679358944,9.332867798236892e-05,0.0001304805263234387,7.33249294604757e-05,0.0005584871770157369,0.0002506525937569518,0.006803646868298872,0.0026039645454499897,0.025808150176619277,0.00251026176693363,0.007118317501150529,0.7721941432174719,0.006541645819916086,0.04787292988291604,0.0028929373821539425,0.010563569167913985
15,0.01158182311225956,0.0035896756516891827,0.00019727597875648413,0.0006763731177061136,0.0002889005181341729,7.651532037587842e-05,0.000915675954741375,0.00027340320841021137,0.00044968925788347507,0.004300384340893028,0.0010702978948827523,0.0010271262070099222,0.0006231274342451907,0.000587631917694744,0.9665724542588285,0.002656433655744691,0.003285271626118009,0.0009592816595020458,0.0006419623326277248,0.00022669655249672128
16,0.007375325022619427,0.026679687137380864,0.00014068165471832508,0.0026032657190484154,0.009480619383983103,9.628176646238847e-05,0.0002024118866251827,0.007369855081436998,0.0005221797513381244,0.002426824738827103,0.018028767370085807,0.008210041778075997,0.008337502031654329,0.7984860564355435,0.00134542248513638,0.00294338756958054,0.038500581588254215,0.057585661257489144,0.003712871580766834,0.005952575760973202
17,0.00012936983201654277,0.0023444109540088813,8.689760259076947e-05,0.00012268573414747134,3.932286704977772e-05,0.0011464546254122718,0.017555461684748586,0.0001523389694501787,0.01125533931777967,0.0036351985981409292,0.00010395132790291757,0.0013459700273865032,4.524769950955921e-05,0.0003796807879525451,0.9582534265602038,0.002600388226868047,0.00016901676484101097,0.00011211933370069007,0.0001699781228955451,0.00035274096339384266
18,0.09215069417226703,0.0023370335323010362,0.007528838608195544,0.683488161201895,4.7196965612526793e-05,0.18852274467395266,0.0015881927508958117,0.0007830875231241206,0.006695008414276011,0.0005125124512189871,0.0006168894115385398,0.0002656573965934036,5.406874445531271e-06,0.002045060908155091,0.0013194568507198764,0.0019422329843481851,0.0031582361696885332,0.003041476346464752,0.0034703755908602864,0.0004817371734468088
19,0.0014205515064687297,0.0022815635688330257,0.0004697288098829164,0.017581595361751277,0.0011310238940229302,0.00047571664320783237,0.002500042825724274,0.3547666341720319,0.005042556954703554,0.005793585507496608,0.03662361190312337,0.00018972312986623082,0.0001448871784061022,0.001656010897168884,0.00023327084517576826,7.926417680760993e-05,0.06147992066083508,0.5053297945460483,0.002271456916959454,0.0005290605014860095
20,0.00012215307271788245,0.026963219346005252,0.0021458109826185943,8.42582013567656e-05,0.019013645897054267,0.006929242004293731,0.0018208030883539847,0.21605610493714333,0.0005209214594140194,0.49726300050173006,0.05888903706257736,4.137078128483015e-05,0.003509934247473877,0.010439357480607524,9.171224101805137e-05,0.00024083828079860429,0.000281630990720916,0.1546829623902074,0.000389082930272819,0.0005149141043505705
21,0.005548198068335298,0.03718110966118635,0.1902671856554949,0.019303305260376796,0.05394650842302866,0.014512667051062127,0.039907995810699363,0.10295113982621994,0.0012924913743940485,0.09424795770924756,0.0027729756482817633,0.029522193604041885,2.7633940955669997e-05,0.009829429638508278,0.17687048230487898,0.08010653749106217,0.10570507366471874,0.015308415988398804,0.007042225496546798,0.013656473382561905
22,0.038347985272534156,0.0020598089935322667,0.008041296449239845,0.035916158690372936,0.006203388348842528,0.024705129725364115,0.053582736588963155,0.14393070846409625,0.15013988126305733,0.007900065244906617,0.060276158680950424,0.017986565176229444,0.00010556040278999854,0.004422286103706126,0.10559514541877804,0.017891575559094774,0.21684555212477588,0.08847758576323386,0.007083262955405666,0.010489148774126577
23,0.0007387817711827907,0.034787178995291,3.6236796500597625e-05,0.0057027212427171025,0.007486968365787243,0.001505123156937363,0.002105446871327051,0.08039449545928903,4.119372082421623e-05,0.00022386713942248527,0.00045513779386525857,0.0148039701404736,0.0002467518078844989,0.061042274999644305,0.04296614591733313,0.003325467201096195,0.4644811026302309,0.27000734130088583,0.0050314642892015085,0.004618330400105856
24,0.07492932601923467,0.00959384428721897,0.0008091228090952916,0.027073092027936112,0.00019944174678955724,0.003871994874155027,0.01955188880582583,0.07045405368361865,0.00039593812766790454,0.0009366377692088903,0.03903737558088856,0.028884270912169743,0.014329277108287216,0.1341218023383743,0.0017908716980670652,0.021347834867761664,0.5351388936145217,0.008082999513838651,0.00016875575243889332,0.009282578462901224
25,0.010080051331780204,0.0004547067083674339,3.636971596529739e-05,0.0010381219727433168,0.000574586021668492,3.481628722727903e-05,0.0011185476115742755,0.208692094907938,0.0002543292853992462,0.03805466676553089,0.01408786328132111,2.585666439326553e-05,0.00030038893136024117,0.02369470750356121,4.213126795790959e-06,0.00255433770334138,0.13576390561285465,0.5622512621833778,0.00025788633471708996,0.0007212880500830672
26,0.0005984964312227588,0.00010576328636445692,0.9803407012663817,0.000663041598913286,0.0007237576581645363,0.0007401140855095069,0.000414669837336006,0.0012013770948765571,4.6652931033733534e-05,0.0015283077292216557,0.0009996345453608985,0.0033274406646300733,0.004003432715490952,0.0003870815656778416,0.0001643837244026297,0.0002945227596414331,0.0009942415491253573,0.00012712555492730846,0.000586063336295624,0.0027531916654236887
27,0.012574058424315153,0.0014024555180925935,0.0007437455814218601,0.00019105825506852782,0.015271947688073126,0.0030679785713088156,0.8971137769290858,0.004233246920416138,0.0007182798980971301,0.024296121388933688,0.0032643435093584645,0.011390675718105824,0.004055621914957273,0.0005383796786031254,0.000529510178813156,0.006156900232297826,0.005889482209897664,0.005245819922365724,0.0006677466337189912,0.0026488508270692416
28,0.0034976056597694595,0.0238727150777128,0.006197566438797733,8.415176782039266e-05,0.009443585114854842,0.2838695455237161,0.015717421281101103,0.01804111762036062,0.05714303878916985,2.6489654538589412e-05,0.44732528812865274,0.08126331972422877,0.0002924812841403499,0.012053347547906282,0.0002205238791016862,0.0022327492187030574,0.0029372219213939,0.004412093435243712,0.007274377502650827,0.024095360430137137
29,0.2096141465617706,0.017375512534541407,0.01829107664144423,0.3730654366170384,0.038318929006644624,0.0013098031260180083,0.03422936311001257,0.0007225744608883599,0.00418948947115653,0.0044533955655488315,0.08429100552401526,0.0036276818988556702,0.004084304529368242,0.002281971568615438,0.001733499460981922,0.02948088071306307,0.00466643387150689,0.12176959748369291,0.003171680191383688,0.04332321766345345
30,0.000570907354052732,0.01484617979962175,0.0012493561820913766,0.008569719871550825,0.0013351195491290299,0.0007102783422914321,0.0016833433108494951,0.3906005269990732,4.455300811299754e-05,0.023655793949937973,0.031893294072327626,0.0019396369740885553,0.00013965394365423375,0.00046273120556129354,4.8603197638428235e-05,0.0003925041810283283,0.01352945258015601,0.3878017084376442,0.12030947756871255,0.0002171594724780594
31,0.0335019164864279,0.015909735105740293,0.00040095383706835897,0.0004215368708877292,0.010462261281500853,0.0001961925545893488,0.00037788820673695785,0.01237288369083632,0.0005394777897265253,0.8463413698504513,0.03777427092567838,9.396625815797025e-05,0.0006247433604302181,0.0006861484011324063,3.6714414822450656e-05,0.0001651827451574508,0.022828377182738967,0.011080126359168373,1.4407199075479498e-05,0.006171847479672622
32,0.016360205948727537,0.004676781384223039,0.00214928167671795,0.03919993537624543,0.22721101860491857,0.06357139528459747,0.00981803966093178,0.047604472565974706,0.15854343531633203,0.009513624104405871,0.1231737107060065,0.0007784711677209498,9.723489566878752e-06,0.006653661728727011,0.0015592696008304367,0.003710780021826212,0.011743055809732306,0.07620709186015986,0.01731282089511397,0.18020322479724146
33,0.0024886437363070566,0.015784320434967768,0.007039812970509527,0.003710781840084211,0.005971298046387882,0.0015043591536390332,0.009866023678227252,0.007555113604369285,0.349664309452484,0.2433154590625314,0.019943119492736208,0.0013743017871673073,0.0035702251808324282,0.005948069834457048,0.17387914008087035,0.001167379841061353,0.0009901151292028773,0.00924221277998596,0.12504969337214222,0.011935620522036748
34,0.0035560406111037326,0.006939183979475358,0.012859683424061958,0.006261406175631221,0.03794027460145391,0.00048441656426662354,0.22183799948791175,0.08721090266394045,0.002356666337976163,0.010900529874031622,0.0016721250555035768,0.022274816401885,0.01853205217116148,0.14451182916480337,0.15488956645716023,0.015196204017790137,0.016384732355629462,0.0006276318380712922,0.02059117152592058,0.214972767292222
35,0.008541696065339107,0.015448964119284076,0.002264988657900016,0.011560888187869257,0.03084537543652221,0.08733307467596836,0.0006261501543093297,0.01779309254436552,0.01386692600881069,0.0021207037218188654,0.00033781561164183916,0.001492688792078872,0.0016364410502655803,0.003519265411615585,0.0036140291859948267,0.20290827273335757,0.5915823443555037,0.002073843679034647,0.0018961380404315504,0.0005373015678884307
36,0.001906636762449614,0.0016039030649036927,0.0009387013314981297,0.0033180827878033785,0.07551891152175012,0.018645062497143716,0.4762685088312698,0.010753278828391418,0.0002632005606229606,0.011269368479538891,0.1596671757669655,0.0017755928509167167,7.01645502736447e-05,0.006606845181691819,4.400754111460111e-05,0.13815767461957987,0.020088931198866383,0.0044244703600915675,0.034568595036520273,0.03411088822860795
37,0.0673788506270356,0.02063835269110783,0.0003509971047980618,0.03836598156540351,0.06352121083244604,0.11028416583718385,0.024758146520561936,0.01256462996318952,0.0015807502514990494,0.06098570648739748,0.023161016199433202,0.024574813794225325,3.996347838625229e-05,0.015333569645225602,0.021969611639437354,0.07720721754647768,0.06457522213420133,0.2650513804043453,0.017124782540697804,0.09053363073694722
38,0.00045256623558516797,0.0019614489542204576,0.00028768976174858477,4.6977627220403824e-05,0.0034178484603800603,0.0005254027034971133,0.0007186703382730265,0.002587319877817292,0.0012071091132514423,0.001444721162406658,0.0001571313236730919,0.0005786638661180499,0.0003419406035511913,0.0009585515275339284,0.9813203105303039,0.0029822666231178003,7.129076595704702e-05,1.5446784546234094e-05,0.00035812275720420146,0.0005665209835943002
39,0.008661166427981941,0.0376166905312098,0.003908989248146097,0.00316753969460337,0.030319836477920605,0.010360343245438984,0.037807172629038696,0.2883999737262564,0.014150236775546965,0.02070021959233608,0.015306677419307095,0.15031744713717654,0.008803311626572,0.15186728463311114,0.02245297200844021,0.05384906385294519,0.07319135822608755,0.05404160798696869,0.0024648476593699437,0.012613261101542666
40,0.005706694218277697,0.013029304617564892,0.00793189915926506,0.9343377046560454,0.00021213235370950127,0.0008713933047246058,0.0027493978978076596,0.0020389680741556048,0.011426152816882529,0.002288646648064407,0.0024975361824672816,0.0024420459531115353,0.0015502807929844082,0.0011867740448443023,0.0005564620980656402,0.004079385893690969,7.783837213826092e-05,0.0027047026405705955,0.003921064412268231,0.0003916158633614082
41,0.0007968426524017166,0.0008094594793122344,0.03308374588277007,0.00224547108593306,6.314275946044242e-05,0.0019510117807949542,5.4541702355697844e-05,0.0004048479412415224,0.8804470174558702,0.00012020400279144755,0.00714953080093003,0.0073868566973177025,0.0005434651543040551,0.003137579326583201,0.004677715875330913,0.0013979109316441323,0.0006145057418628937,0.020957052702397814,0.03325030640609747,0.0009087916206002432
42,0.028533048962259316,0.23848142161847358,0.019626336793920954,0.0026657406611613234,0.00047941745429113796,0.12975476282762408,0.014355971265007945,0.0018790574398639807,0.009225678358086936,0.006710380024435792,0.044016042836999,0.32107751659608985,0.0003952718295808411,0.031297681178333196,0.00975209533359098,0.023676332390918486,0.002280998970894582,0.07343779504622364,0.03579859542521287,0.006555854987031247
43,0.06612964730631304,0.00018183837759994936,0.0010017766923913513,0.0008176639797391624,0.01811735438837811,0.0005148219065135287,0.012915724950457837,0.0012698764255965973,0.0001216019091945165,0.005061458630408705,0.007690519040002261,0.0020018932273876194,0.7857012915437076,0.025999921673026647,0.001786686122916671,0.051832200431109,0.007695782243910573,0.000825876606545954,0.005218207286751233,0.005115857258049639
44,0.17914912832739954,0.0013438683207495548,0.000496251812195315,0.01403163945889901,0.0011453475858552,0.016432170724655082,0.002037953670903511,0.3349389245232775,0.002615004204235406,0.0012975126770794236,0.3618337975075674,0.0279051833518725,9.417591915550407e-05,0.013589498611051307,0.007428524809034389,0.020373332532918925,0.004957013369993035,0.0013152131760737738,0.0020770559332705875,0.006938403483812884
45,0.0019620720986568137,0.11851544439958939,1.4530140975090298e-05,6.579312688623145e-05,0.008831462558621146,2.899841694435966e-06,7.143594579116774e-05,0.20545930272601204,2.949757795776593e-05,0.09839739079327678,0.06255621032974383,0.00016826432522285266,0.0021101703378177436,0.00016949541566481483,1.8820467094357936e-05,0.0004556136383275256,0.24823197208663417,0.2505159034387748,0.0023996443321020982,2.407641915701278e-05
46,9.508494308363687e-06,0.00046222546545502524,9.490094994648994e-05,0.004491362503468646,0.001421674552197034,0.000592953752141764,0.002026933467707414,0.00043262336595926044,0.0024859412249679993,0.0006641290642937081,0.004587870564583959,0.00450500903621128,0.0015451386277372605,0.0003887086136974322,0.9594327330241186,0.0036288032995457657,0.001309968684156203,0.00226414291955635,0.009014258872713407,0.0006411135172342958
47,0.3709975594190177,0.0057260072068748315,2.342658444756668e-05,0.0001503314037588894,3.335940130067549e-05,0.0036952952589546385,0.0004145205868345648,0.008918488664207221,0.00044619276125801565,0.06553456196691972,0.33924881982454064,3.898462377099033e-05,0.00037961019796426836,0.09055216930718299,3.247572691190243e-05,0.004607656365492072,0.10797378044880762,0.0008621271421183715,0.0001109975258873406,0.00025363558375007735
48,0.43126028279724155,0.03856491946676872,0.0001691446060968358,0.0012936221762712523,0.016937334230652808,0.003197253002739713,0.04541520080913597,0.009694568307345039,0.2943849975057963,0.03955889199779829,0.07803376836067273,0.0021554525777228,0.0008898065801896264,0.005686528995716152,0.0031509420566516867,0.0019585320887416818,0.01974650836418,0.001568972972598654,0.0005417028642414561,0.005791570239438616
49,0.00013770342658269067,0.002933398096473977,0.001969491193241004,0.004286465391762524,0.00012922070913334085,0.004582489566717093,0.00036468818183281796,4.708882216325199e-05,3.717419124575003e-05,0.004046411631710431,9.205285873005442e-05,0.00017013858987503645,0.0012095783186982184,0.001696493129168886,0.00027086831309415353,0.0005908282949062269,8.178942227291833e-05,0.00014588498685595388,0.9745769361929065,0.0026312986826291917
50,0.001707033116749223,0.0574153283847471,0.000988598724876987,0.001295646922790688,0.12475953567590839,0.016418929890027717,0.002991127725681772,0.0267521295397593,0.0001987046560300968,0.02028875101935166,0.15571026660458556,0.05691110409261548,0.0003866073804818058,0.2525289428237247,0.0005294085777011248,0.09935113236324604,0.005226703658891833,0.0014716722512675736,0.16462877882178392,0.01043959776977914
51,0.033597556410708766,0.008988642236971347,0.002244521549126131,0.001814466018404119,0.014990881301878792,0.09097981452294261,0.00028931106086775284,0.01927563557900846,0.002961497084511769,0.030356022269561925,0.4946454578431783,0.010766986925253175,0.0004111912903734839,0.10161712042145847,0.001434960455134825,0.04831044546499808,0.026931825078260637,0.07801503743686708,0.027853362169585703,0.004515264880908707
52,0.12977043196874152,0.016266679870159492,0.0003101405372054654,0.01763631326434089,0.015777491793668035,0.3107439814288887,0.025698054563164093,1.9162775007118577e-05,0.010612658435313588,1.0945935426809204e-06,0.009892721604296236,0.013401354222536271,0.003027678176929805,0.010604613564519505,0.00011164111969253024,0.3500552008738667,0.038159914194750906,0.03652204718018927,0.010887554163192472,0.0005012656699946292
53,0.04104441262862334,0.025826421716229158,0.007358556361907138,0.0008953000245803747,0.004442429146014462,0.06428887009266115,0.013580985533030806,0.03227862969376413,0.26418025262804706,0.06686168621109663,0.24480957728847413,0.05756891129999234,0.0003998925480688106,0.03037892045043772,0.009696288581958359,0.013580933823547022,0.035628361507687584,0.0006414376965250945,0.0062773730737495925,0.08026075969360523
54,0.018702447134744386,0.05257732077874831,9.229491458010317e-05,0.004354097482307502,0.13719876733292413,0.004858242552910926,0.017208314428832226,0.006516057888957987,0.15383634595226983,0.0009062642245013585,0.011793837934183501,0.0034323324550850983,0.0034429072286058784,0.04808424048975069,0.1419276507845256,0.002019235095044737,0.009369705534219808,0.007708356005908159,0.029969223080068604,0.3460023587018312
55,0.09904755534946151,0.2275256059237267,0.003966786046408209,0.011682740243394186,0.11222601648222384,0.01269237114811568,0.041033662186164985,0.029590461683832253,0.0004268289644913353,0.020130686978114605,0.0026975214600599745,0.19476025325142274,0.0013522448065502765,0.0021825655529790003,0.006358266475824452,0.04887234366468314,0.019074490817931514,0.0435711933149652,0.00393069151541269,0.11887771413423762
56,0.008305525165460551,0.01887532451549696,0.0005096547938205899,0.0024544627751576418,0.06396191245148974,0.0006306550697567637,0.005074781987209254,0.0034639344065092643,5.0663529095121095e-05,0.03917911908887191,0.6022166448559146,0.017055716829213634,0.16639186747800577,0.011175054988856008,0.0003584436006019863,0.013311395711026859,0.018980578250552424,0.024946973223673462,0.0024879766803924553,0.0005693145988950139
57,0.013510709925765956,0.19510910221792183,0.0003270501662768315,0.0003227365106552855,0.31736076929033635,0.006608791891006267,0.03300855580723801,0.10304218897203556,0.0004667212885589366,0.041546651883968666,0.10596150469546886,0.0005538427431165296,0.0005201984380497649,0.0014634353421255175,4.627052194408288e-05,0.04551990323364325,0.011161197318099206,0.07845739520117692,0.00024241313860720668,0.04477056141400507
58,0.010161309395818682,0.09727074962075513,0.0009086984356251422,2.1383757461120375e-05,0.0004756895346062594,0.031754280516783764,0.0010869056580408345,0.008888309034738239,0.0037676318915173495,0.004522491063801152,0.0005660761824960012,0.0050916737373909,0.0009957301033037544,0.030120765143887656,0.007018052712203325,0.06700910823887331,0.21216167655537557,0.514341022933437,0.0034200922872487938,0.0004183531966360223
59,0.5856255985459813,0.2155215529664845,0.0004131730282392892,0.009603748757692696,0.0011741664910243528,0.13375856200706962,2.627158793857762e-05,0.0001177124672983564,0.00013929424783727984,0.0011333476490112144,0.009625399696420844,0.013455923723969967,0.00032713828231446373,0.0005897333427870959,0.00028068299072492764,0.009892155065793022,0.002807989986802544,0.0011280155266386906,0.006096347085281363,0.008283186550689832
60,0.0021749967402975344,0.03072367665397104,0.007435697173390581,0.015217978868520988,0.11686634376299955,0.015412509441633792,0.0079507734419503,0.0010094203869719085,0.0009249328476692909,0.030079422832347935,0.5882939031685058,0.02250069864146864,0.0001000718016063071,0.000781718571504239,0.05470963050136889,0.06032686290447925,0.0009055797554781808,0.0017138458279122857,0.012725019069575953,0.030146917608347517
61,0.010480256384498406,0.056647287537901256,0.0015920257173581748,0.013727007583735906,0.013494003323118732,0.009857996252530614,0.008923479830623587,0.007424921586492165,0.10087889158898591,0.0108483742096994,0.011882672997729445,0.022740470302358342,0.020808860477552645,0.012637224872540445,0.12265005288189791,0.025455462602463126,0.06198241781840472,0.055523220456612225,0.41542701481852146,0.017018358756975566
62,0.00014343877623786597,0.004383163228977853,0.0003088789039168215,1.652574121367027e-05,0.003238241540610632,0.0072288373625397995,0.009998894824621967,0.7002693861508674,0.05176921274312162,0.011761478434668652,0.011816654869576615,0.04283240556157281,0.001036631215949733,0.05454242904281846,0.036402777884417835,0.0040202109569129,0.003929801721744518,0.05141703844305604,0.001018586152022289,0.0038654064451525364
63,0.06976356878117555,0.18381932481651872,2.2294648936469187e-05,0.05182146357225758,0.0003392959844054328,0.026214613423581175,0.0074937357767598375,0.23854456089364434,0.05818463161154547,0.251006158446668,0.013732333755837602,1.0266422628218693e-05,0.0022531682749208,0.005879934125370566,0.01496471477939278,0.02480173418423281,0.008166961225570311,0.022330423460662566,0.007344605516030256,0.013306210299861346
64,0.17382366065627308,0.02014575475591706,0.017173167498453126,0.08816887158255643,0.0038559681489681993,0.041909360680554245,0.04933674787947846,0.025806971564002173,0.006792154838342977,0.045772242833130666,0.08654924376198678,0.11747189161504783,0.06534715465343124,0.010409520749476967,0.0022927403534890073,0.08744247631163027,0.10076162490838193,0.027139700704566852,0.022401669733659594,0.0073990767706531655
65,0.1521192610214021,0.010883020980339967,0.041500074289410015,0.05744181295766553,0.012570939128301935,0.013639812908920553,0.01096489719614752,0.08830472558269292,0.08794459230112611,0.028737694213188416,0.007523163073144346,0.007054996785386446,0.03707222304119924,0.03949305731474234,0.04257225011738769,0.19485754448026849,0.09803530359717275,0.03650139275090791,0.014523092957739979,0.01826014530285568
66,0.19488320798582365,0.004260498292748401,0.018086950305827004,0.001042531492267914,0.02749559565176508,0.00437715506360276,0.0007864482091172753,0.019677072845211686,0.025178595548651362,0.06486239051069898,0.05404606231174756,0.030250746266980703,0.007441103385182928,0.05209905441682886,0.19776383138892048,0.07461503002951506,0.003843223175252061,0.07451255449504676,0.14402356559689494,0.0007543830279164616
67,0.13000983790060058,0.010384982999558255,0.007021841353756115,0.12505853568065597,0.11602618134852945,0.001999262480949112,0.0487072627388177,0.32208861185418186,0.0005104491259457622,0.06369515944680844,0.0020566743256249897,0.01588543275249718,0.00019466651021925397,0.038767468145999275,0.0010437777879134967,0.009829945931943298,0.055580031834055715,0.005958246501488527,0.003105005752585185,0.04207662552786995
68,0.006597525351263693,0.057783218810281124,0.04084800324327023,0.000624039325057265,0.0013162474939152448,0.0011158364888484776,0.06396248262202414,0.07868483748131441,0.1351969441525918,0.0001796216957267189,0.3451599061614113,0.08771167159241712,0.058050871954912715,0.006061578052011427,0.018227933690559455,0.0140603379286736,0.03172526823338033,0.04257554634198398,0.0019151843386097757,0.008202945041747085
69,0.025677044722445933,0.07032257238189327,0.03246734273376616,0.051912833754046095,0.017328598860207246,0.02386079789967716,0.017187861088781595,0.009510090935372136,0.02587727489190797,0.01648910881289785,0.006197777546726594,0.195939448200902,0.018685711618920475,0.068138471686449,0.018522490363393592,0.06434230824733064,0.2863738984897681,0.014491728355733233,0.0013797932867017921,0.03529484612307917
70,0.02122324272458188,0.08624731962472118,0.03958398148337319,0.023974297491666203,0.08438231342285034,0.13406436624009574,0.009274215474776857,0.002544608897657039,0.09096387251585998,0.004845762818846369,0.030288300412914176,0.01992920759726553,0.005259502216903862,0.03088466514914419,0.2914745550976416,0.021444476855187387,0.03775400303650636,0.01192994645408908,0.03310254795848807,0.020828814527431107
71,0.0806352192430452,0.18556735942469643,0.03736846557089926,0.022566218202994974,0.0007252292346663017,0.04453956272986392,0.0035332007519334116,0.015027681012993406,0.0010344555530799415,0.009631704881235095,0.0020927272355476764,0.2743032170274241,0.00015619503544980437,0.13832837765251382,0.00347485891950064,0.009204909955516559,0.12928394570395918,0.0320887551117603,0.006531357768633685,0.003906558984286181
72,0.012396085924410298,0.08867309179785621,0.12035318957467184,0.046654863534410215,0.003836898117402658,0.03491389672368917,0.03131335613810258,0.10405517597941213,0.025150195835448145,0.027114857452688816,0.02461981946147726,0.05727958841322385,0.016812710561627416,0.03677259714115173,0.046453758166356635,0.03618314585911685,0.013723195381351487,0.05590079113047093,0.21116275572745005,0.006630027079681547
73,0.010772921878816578,0.0392927179222936,0.14884905250876015,0.0007778507315098033,0.06023721969603311,0.12904152482942852,0.049691958101131965,0.026772085490967268,0.08266003727681459,0.0070927528141177636,0.10533200681128933,0.04571172537720956,0.04830170860065396,0.04946100142063969,0.10140378717272881,0.031331440352671595,0.023135277311653296,0.014173985207624046,0.012772326096874814,0.013188620398781594
74,0.0011503714054065374,0.452539166733554,0.03028624751970324,0.025099320471856718,0.000679814893690281,0.006315024874433589,0.0013830295210812981,0.0009148955902737515,0.013064599936318626,0.012852402201475986,0.11494787631541363,0.006710879838923093,0.0011991941647450455,0.0030321469367281984,0.004500969851924182,0.0043112638969629155,0.011191317588487655,0.05567100022546221,0.2483700912941306,0.005780386739428506
75,0.0069143660119253296,0.012612122884473977,0.07770773305002514,0.08671874155570011,0.042672465013100964,0.0219152051998804,0.04196831479315564,0.05070604372002092,0.03873065546391041,0.050539181480918516,0.12526304170733585,0.1597622798283964,0.00021313179648996277,0.05341436532048155,0.009905333151752377,0.046976941194427566,0.019780429126349797,0.03644689597798584,0.00777419523798356,0.10997855748568576
76,0.001441731510989728,0.01332270726804425,0.0035661644549915294,0.014326612404945972,0.0045404195300346685,0.018547023960063958,0.04620967385282127,0.014761865427070463,0.004039240417036982,0.00977923547593946,0.001323767872469274,0.013454453501936933,0.01187426010617118,0.016038143359719603,0.002205808673981605,0.05290488257319608,0.012854554138515703,0.04984259856663862,0.6167973369310861,0.09216951997434658
77,0.015387160001821413,0.22391942618309815,1.208773393213944e-05,0.0003475172845234852,0.5015860998218549,2.9191731862306146e-05,0.021127308773256467,0.02196863064636925,0.0010004512602989134,0.04355066023165672,0.0012936344146938289,0.08806004435140982,0.004646298707075368,0.026370921207149,0.00016111462220129118,1.418088660590582e-05,0.01280782980308317,0.02709874134244847,2.0647500672663455e-05,0.010598053495986645
78,0.012945721283191235,0.019074516302984873,6.268157614705845e-06,0.00014126931600115105,0.030868547804283792,0.0016279452912619904,0.011495240404382974,0.0676166888902071,0.0009678370466857897,0.3808058547290302,0.21524108156720173,6.808249945611244e-05,0.0001263309871062108,0.08376896719541597,0.056979173109400524,0.005038780165631791,0.001159597780246337,0.06460190400819567,0.04484839638377133,0.002617797077930554
79,0.010593952643710115,0.014073764649020448,0.3090148014710897,0.0014832026990898957,0.050203528127241284,0.1301999096182821,0.10797212746567512,0.025844202798431498,0.01475691324124221,0.07975680710064709,0.006681217909892486,0.015864552877549263,0.0001466272457451273,0.011663889488224416,0.02833691058302971,0.07686322410648101,0.018887542201966655,0.07084327536061825,0.014155051816869027,0.012658498595194722
80,0.016948624593616315,0.01637318979606993,0.003815311943337627,0.010837444679926995,0.27065992892507257,0.08191262299426905,0.020735829235757466,0.05165775126111941,0.09516192275055894,0.054175723738969436,0.19313824103533378,0.014080390443238914,0.012974895630458099,0.026335088539408434,0.029064510292234422,0.0027239854922145256,0.020967900113905473,0.030014129976042834,0.024898833244220594,0.023523675314245228
81,0.017914423942664816,0.23150459641297347,0.0010174517917365033,0.001231175112888918,0.07214642538821842,0.014469544911909436,0.021353756373194668,0.012224231718807795,0.13816209575798238,0.013645491837156,0.26676120684964044,0.029312179294034374,0.00017872951629861487,0.013180865107323173,0.08331097968345437,0.028086603056357587,0.02352908559806204,0.007224742695612601,0.005744920881818978,0.019001494069865312
82,0.01668297183443994,0.020754048397539027,0.0027852139206947708,0.008747458163720693,0.01085437625988977,0.02179067821877575,0.018846512588837763,0.12621710346124207,0.11097933058910622,0.02324127714607675,0.0008644703261115354,0.03948465948268938,0.02259683441370433,0.034283046530028956,0.1464470205828112,0.14939603843441895,0.03122503448162618,0.13491526408955562,0.03139851942675347,0.04849014165197755
83,0.0005807482901828989,0.004352920178149802,0.8995136434593637,0.001547854099459802,0.00012660970085720427,0.004600628201893997,0.0015109104506340388,0.00027604758079278634,0.0004641465711504535,0.0001246754972080194,0.002529557319419982,0.07026331302385234,0.0013022167803527906,0.004532280583572149,0.0016438714887679162,0.0025182110500578626,7.903168570102599e-05,8.425314178737186e-05,0.00010383781076556134,0.0038452430860306634
84,0.3536125790599503,0.07284076920986594,0.00872893305386617,3.5568393417689575e-05,0.00052707284712398,0.008812240696853189,0.0004725021766072807,0.00047641620674180885,0.02883289358706069,0.0007263116626111501,0.004404049193384285,0.0005061010448795484,0.4211656050208081,6.21641358123425e-05,3.738638787504992e-06,0.08205335846032188,0.010730106891669049,0.004206375129070723,0.0004215479608544801,0.0013816666303139056
85,0.5852315867766296,0.008184091045654191,0.001543502705729874,0.003749878405752107,0.0008080573625167644,0.31535155355508027,4.97131920112407e-05,0.0470416413301754,6.571614350864383e-05,4.183462299494313e-06,0.004863463291626875,0.001945885902732927,0.0008471105599964803,0.000235762238386557,0.0001795329584533422,0.008467263411813359,0.0009553348865115554,0.006066666196446885,0.013396850548597381,0.0010122060260770436
86,0.026549956976937322,0.004213451809046208,0.00015069761493025462,0.000732738189433529,0.006733696389258458,0.07481088956602325,0.004862317396014672,0.005994250945637967,0.00013868774272432429,0.00039529262925677326,0.0005932637013216195,0.12921100357115256,0.00516306132197082,0.060254472891710285,0.161434232594834,0.36615917800153747,0.09321632248130306,0.04433867014337217,0.00041731282564530276,0.014630503207890017
87,0.10301200267923141,0.018562717267195616,0.09527658285460539,0.012623634021396346,0.021454218063185083,0.028771891004823923,0.05656112569667641,0.008724072980223343,0.018368020188163227,0.09311161086007916,0.040388331171754846,0.006547061534839818,0.002423211999895741,0.03677898398974054,0.1215428059931097,0.06658762193836926,0.2427659931059923,0.003794302796378879,0.010669002534895155,0.01203680931944373
88,0.0009740659168425714,0.010826257204231285,8.638173010878357e-05,0.001785490187010942,0.0058199351204712355,0.0016497617430451643,0.0520533198179956,0.0004329325174348711,0.5109478410297074,0.015772598077824558,0.014516020745938732,0.09000830140034308,5.4486357348029714e-05,0.011368207761608334,0.22041180447961245,0.0019698934928850877,0.0021789123589432097,0.00013716972110912627,0.057955167241677395,0.0010514530958622178
89,0.006111492864844272,0.04876678352956425,0.0063126207796809775,0.00758446260821037,0.01912685386402606,0.17071019949441105,0.00275336811559333,0.009158067835686876,0.12279307553894295,0.031038657948188757,0.04087951409789042,0.1136614161786723,0.03528802452215452,0.0011535201087575506,0.0839770945262048,0.0660045855016784,0.05764989587522462,0.1550292458747836,0.020800695062220848,0.0012004256732639632
90,0.012062125491919838,0.0086921429621614,0.0012419904906780827,0.00012683989842909963,0.004933777099283179,0.0042516948691537475,0.0002082947342385472,0.019413374156249486,0.5479682436179788,0.01036666656633238,0.16603655077763949,0.023235631999004892,0.00011836626140610001,0.00443931483737163,0.014350953065181608,7.537718019607957e-05,0.09372690467587069,0.007070377172693487,0.08042747096243656,0.00125390318177503
91,0.005093261508654126,0.00027982610903247955,0.0012206572219187908,0.12111203510624363,0.0027732660911821256,0.19474632285874713,0.005081225306100984,0.16534010690506318,0.0009965694550345932,0.006723851381480345,0.03535400330764913,0.0003988963245782,0.004484446598453464,0.0001040100128041282,0.00018543668551867034,0.008075465205301774,0.04416931228222115,0.39970511663601355,0.0016274249762835865,0.002528766027718915
92,0.1320625254470502,0.17785337659677558,0.11407812503606848,0.014868172353073457,0.0018140452420838048,0.03500074270851164,0.027072410088350447,0.0005440611180063032,0.0049335419788185605,0.0007064474885337651,0.007607030054579262,0.03338409007442807,0.0687895000384977,0.06332616360003801,0.016476618631125553,0.24603299126799152,0.04774687499791615,0.0004047840968542096,0.004228187572662393,0.0030703116086347273
93,0.014608887222456587,0.0014475855835994844,0.01391170879814726,8.841969452946025e-05,0.018248540124505865,0.15083746680950158,0.021878885875158825,0.20796674798046355,0.05211269990301313,0.059547254822863535,0.01202105860914912,0.020873173181926236,0.12063491119116065,0.006896488497439288,0.00010657477233376723,0.06924773114852505,0.0016066284843713106,0.19514701287130248,0.006614197999516154,0.02620402643003663
94,0.002056767776879269,0.0470579502306991,0.0028501480062385217,0.012498307215145863,0.002554074582091379,0.028751177721541732,0.06484282935905056,0.0438625763443276,0.02262577516352378,0.13713470824330923,0.02631412838545221,0.022621736708811936,0.026351251123721,0.005090157264556902,0.015762243989144414,0.07824510188695237,0.05301018889936325,0.20626275855186538,0.17888785895110226,0.02322025959622314
