site,A,C,D,E,F,G,H,I,K,L,M,N,P,Q,R,S,T,V,W,Y
1,0.005409050525202027,0.00015563220387292614,0.00030572348761902316,0.00015170079964730196,0.009107049193489357,0.00042295269195737257,0.020677236766305875,0.0054810899951394446,0.008541867507908177,0.001853464284272273,0.9066338075029953,0.0016449083817632437,0.008201921437338834,0.010439059206907849,1.749056456150016e-05,0.003040143064885381,0.006839739934674929,0.004993754388780315,0.0019576977393122815,0.004125710323366855
2,0.02149489994006758,0.0003298800999887679,0.01659127562276004,0.37905034967484835,0.002510861054584658,0.00047048847047776924,0.22393342483570158,0.0017705613401347358,0.01268459065879863,0.01142364099404018,0.0014963615653395084,0.28120517199845163,0.0003117552901172349,0.0002699376131873647,0.0007224477310597414,0.00019356966372923522,0.0026431560055972378,0.0375859216653059,0.0015506666757586804,0.0037610391000512514
3,0.00032980477166955654,0.0007110178927531783,0.004078424835280376,0.0002608843444107723,0.012496086022844388,0.0028488624932350563,0.01934911881804531,0.010670727030195856,0.010675507795873026,0.009396696153011006,0.018213655322079445,0.0006320205495231901,0.0001495948752705219,0.008220601385116091,0.8681598611477317,0.009735123923136094,0.01316476591524726,0.009320055595477158,0.00133535784116759,0.0002518332879324451
4,0.008920071785793963,0.00013521223353376614,0.0007661466949922267,0.005159928034223396,0.0004316222596611271,0.03457103381233532,0.4713556661140923,0.05074654277157175,0.0009004938146947966,0.023461672893974113,0.012404319408819758,0.0007189928439211057,0.000541738622657546,0.13410559089745436,0.0007770314525017694,0.003907988879323809,0.2299811505320024,0.01818071779436016,0.0025831659967050394,0.0003509131573813051
5,0.04279511027535905,0.25061774866868924,0.0011422390965080025,0.0386797138929355,0.07892197449838474,0.06770398420997165,0.005203337191856509,0.04126593123926393,0.10550639946490593,0.020502169359247258,0.0011905691372212767,0.021125415025994923,0.041888995865423606,0.022531351437681917,0.024429393684872458,0.08316034504209341,0.12802523139729763,0.01898056871496618,0.0018906040507514889,0.004438917746575276
6,0.017419965527801645,0.006690434442915688,9.855330297083332e-05,0.015084118744620241,0.0011218225261404279,0.0004300465143840311,0.016526694001597533,0.005855691826818566,0.020210353810056557,0.8938256019202538,0.00044624913205346144,7.337257571087244e-05,0.0020265400933339567,0.002013196488298629,0.003872728728714413,0.0009185113059433422,0.0008912218272019908,0.006718070927915971,0.0009301797908804517,0.0048466465123873995
7,0.020171261272620505,0.042993340331305,0.005676548297544859,0.0003164648710951801,0.19813646438401253,0.0008593525712402521,0.0008621514278972002,0.029978919140319756,0.002682813465528281,0.5064969856684207,0.00799243808265605,0.012204075232157215,0.0012914299905569838,0.0009601794437203936,0.0023270076943274496,0.04819549338831304,0.05630059620086071,0.05777137225875535,0.002151887280211006,0.0026312189984575756
8,0.007558963871152877,0.28484058862877004,0.006505309760220053,0.016955824135998353,0.0013036396318113598,0.0011665041372385498,0.004030132157162916,0.02385438226898118,0.010957076748045821,0.02344401536727748,0.06802101441299682,0.0009298841212170899,0.0019269169683386782,0.0007668118456951647,0.4239579916942744,0.00860607696628988,0.018221565376368883,0.03506763617255262,0.005422638069691686,0.056463027665916266
9,0.045688023933834934,0.1534341795407871,0.2010753762168887,0.09383410489668059,0.038350661528445955,0.0005363444291795567,0.0015447200807377714,0.06124568579129747,0.06890270339537793,0.0013021595247692547,0.08430450434060845,0.12450959110155017,0.00012446906607910195,0.0018904997974428042,0.0013432743316935168,0.012343008609605435,0.04183268691386935,0.03156055767401759,0.008811572343440623,0.02736587648369362
10,0.04310575211858533,0.03990334814553769,0.0059080153772055,0.006441181850601224,0.2266510140253629,0.017772451031914896,0.028010260328989397,0.06854339635981271,0.07705649399397048,0.027803916030844034,0.017695013073315512,0.008080059679312222,0.0017951723619690082,0.01807561111585386,0.021687800599240005,0.08873797054587725,0.04198681306939045,0.014196129625264266,0.10100792919847125,0.14554167146848204
11,0.0028125766290816104,0.0345676213887765,0.0004106901452149753,2.5349063832328543e-05,0.013208929716592707,0.0003689740063647515,0.008930587289712485,0.7072223392489362,0.012348166242281114,0.07274654272923249,0.032760127372617485,0.0007712844000071543,2.0448348633823e-06,0.03241935540195551,0.0005564581309444323,0.027541915317347548,0.02276720003813145,0.015480203659716502,0.004777355298502081,0.010282279085889268
12,0.012393389574026902,0.03699073501860446,0.0019001373473267937,0.04595025713826587,0.041187314655459474,0.006518183612543806,0.14903446579043356,0.005804162425138412,6.865327745228134e-06,0.12982396187776213,0.13191621108364984,0.00037190710806662747,0.0017291120505041758,0.22765877358694586,0.05814980208066521,0.10290453700160439,0.028600711900963614,0.006114518310049359,0.0015714074590594056,0.011373546651185182
13,0.11167006281064429,0.017432028764895358,0.1638346509160012,0.013859886296932147,0.0033401274108191465,0.058104840269909426,0.013460038280031427,0.0007818306197136577,0.022031673664959447,0.0654483726641116,0.20329111246448328,0.0027014835883857,0.0021794283068406663,0.1692741902196263,0.02327153585428491,0.0035102077940554997,0.0007850555206390716,0.05269992338186756,0.04628234734744312,0.026041203824356256
14,0.07262405335800987,0.0007823475054292023,0.0008363152242940127,0.0002439264471107349,0.01337039754981293,4.2685093252513515e-05,0.0004299892073330038,0.00010863824344127374,0.0020855439026136726,0.0007879664050279514,0.27898271048931483,0.00015575958365446045,0.02213738399777524,0.00043041300273984957,0.010655308226202158,0.5732549765117427,0.007958087825449798,0.0010099308150742507,0.0013141168367448613,0.01278944977497672
15,0.0020539568598301403,0.002476985244889982,0.0005471023892272569,0.0016165929476088935,0.0002760955424965249,1.599385957243295e-05,0.004634859449840127,0.0001312440000020799,0.0005563438057444166,0.003164621996776297,0.0029996422745913447,0.0005927386324757788,0.00011622241558970677,8.557645020372484e-05,0.9761598484695522,0.0037145060230268684,2.901640303253998e-05,0.00011378511275626428,0.0005100990066231982,0.00020476911616051192
16,0.023448877223125154,0.0039639349573194075,0.0029130041228930914,0.012504379480522741,0.024357203039669435,0.011274410238212991,0.0018539711052118928,0.1404498191458448,0.012633502535372843,0.008004557540475798,0.01238433298655654,0.11666070243455406,0.04019726646100474,0.16741550316834347,0.11988480068857175,0.0024463493006337215,0.15586583914895621,0.0331159883183891,0.017444632545840527,0.09318092555850181
17,3.514956025492751e-05,0.0014566893163105296,7.431315135251072e-05,6.990946486514238e-05,0.001289938650648489,0.005076893397257196,0.011446725373095408,3.2868672005297625e-05,0.00018346490851583406,0.0044843364953338575,0.00019069835983595443,0.2745066225571606,6.968456986789039e-06,2.254942659151533e-05,0.693891073722231,0.005404237976550597,0.0004025936884614031,0.0007441387584980759,0.00041353194863245543,0.00026729611541252343
18,0.036353850022183255,0.00018155022201728316,0.00822784388938302,0.8241516070699394,0.0005470522432910827,0.00697759975912935,7.108882627570505e-05,0.00010716955111290962,0.008049703135223123,0.00024451768720358937,0.0031752436386165033,0.0006581715823179476,4.94878720849401e-05,0.001734296608030853,0.0641771562948224,0.0017211121177916555,0.0012451753169267384,0.020265091842309204,0.021752179267168534,0.0003101030541723266
19,6.007078156721337e-05,0.007694486839955381,0.003497853229404438,0.00546691032251761,0.001545176989503962,0.0001281250712087296,7.968286681914129e-05,0.8473686423974761,0.0032371300706928487,0.0323370962299929,0.018097493032000322,0.029869988421749028,1.4521977642371011e-05,0.0015525003233951996,0.00016059810036117165,6.067149088911773e-05,0.007886138773045684,0.03801578225325526,0.002408224235375377,0.0005189065931479203
20,0.0018835468529849193,0.1393204083169541,3.184020624988749e-05,7.446623541951347e-05,0.007419890516894776,3.850748363301407e-05,0.00048576997253374314,0.30746235739497196,1.6740595746022056e-05,0.21525476367836163,0.31204372381966344,2.4897552912954e-05,0.00144398408853608,0.0009806512789107857,0.0012979434767399964,3.030730971195614e-06,5.455854815474923e-06,0.011363400700179653,0.0005971603502717816,0.00025146089324909747
21,0.07064061977838249,0.029227656622611214,0.07151809507360073,0.010922869282611868,0.010733850963614712,0.11008054418792626,0.0006292429309352897,0.0036693569120419675,0.08746394733341038,0.18518306298764922,0.01167031371910265,0.20951192107326497,1.4596719783972345e-05,0.01746045326917944,0.03138907260952854,0.008649650562458568,0.03475588262828375,0.05281863265241432,0.037697755169526455,0.015962475523673168
22,0.029760666188790568,0.0004931601936735729,0.0023562553604107735,0.029530693371474247,0.028327315498893557,0.028642642775733154,0.08051980290042401,0.1178721686587678,0.22358569005228235,0.003877373221390349,0.030415913786501984,0.004504543247519006,0.0010859729382943434,0.009625450548902714,0.12042701377457207,0.07201672650616361,0.054905074514612566,0.0519402126098704,0.08714405156898279,0.022969272282740174
23,0.00015765760198581578,0.3126407599291175,0.0008071890035162274,0.000579899775822961,0.002253221092186722,0.0012714055782827314,0.002356978667612328,0.11200350943685011,0.0017030712309334724,1.1420844047213328e-06,0.16298319646240958,0.014582825821421347,0.0005110670288721994,0.0008380617140453581,0.12981719848414222,0.0012737989160565282,0.22335994517317465,0.027836277322464652,0.0038332971617167123,0.0011894975149841591
24,0.02991490673305848,5.581330635651892e-05,0.0024330828517458354,0.01886417041858551,0.0006786960953635555,0.0025261149470327763,0.003950449162390806,0.009060367852097382,0.001260855930005417,0.0032065995827586192,0.00980819414604095,0.1340577462952114,0.005185863349162363,0.06737953979867385,0.0037795229778176723,0.025683961231938657,0.6545936924893552,0.0007764623021629173,0.016214531352107223,0.010569429178134884
25,0.0009674133363510812,0.006867430493117861,5.126612995118546e-05,0.0001334095317863315,0.00126766493099402,0.000278088819903678,8.525066359595797e-05,0.3540163613186223,1.5631876034519957e-05,0.11615058800779242,0.015610807997400587,3.8161337689408374e-05,0.00011222088149190102,0.0004921020262817139,0.0005582084353629924,0.0037559347271566286,0.007431561694817016,0.3653412963732949,0.02106660415320268,0.10575999726515273
26,0.0031262811891528855,0.0018384581502236311,0.9409480860350791,0.0022743635105307446,0.00012898761230892877,0.00025695753353146075,0.0010617255359336168,0.003186525758143624,0.002374559736123472,4.353096032014436e-05,0.0003260319110536651,0.03801769483699503,1.2161147598146132e-05,7.599677492732902e-05,0.00014944294846116378,0.00030468234386102117,0.0005511772848758233,0.00021611865178261194,0.0014559741571775948,0.0036512439219200635
27,0.0056179642364434035,0.001410546026875853,0.0032541376758745393,9.33291471549777e-05,0.001041608027224716,0.000253127829270933,0.7960260588262923,0.00205434870324937,0.0009206151918876421,0.11141297928537003,0.00034822435161515166,0.007326063505036486,0.00016057124101404938,0.0008337745723888795,0.0018500118416380665,0.000377713495767549,0.01439510907246366,0.04738315884476742,0.0024422665949019426,0.0027983915307629764
28,0.0011305749882591846,0.20010306861680657,0.0013143517938424352,0.0007176122943852359,0.05177581558983134,0.056143741471728445,0.0011027101256146019,0.014662239027833642,0.075404986360876,6.854034210405364e-05,0.515743288964205,0.007282545736674065,0.0006917569087599029,0.003506365716522794,6.46916609932954e-05,0.04451072931866233,0.01505512381396655,0.0015381402761225555,0.006735193061970893,0.0024485239308411418
29,0.17256153594448367,0.014501748403069233,0.020879882197790994,0.047040307255173934,0.04472177605571797,0.003286545660346111,0.04236482635552945,0.0024649154784647837,0.0010764112100900918,0.005926253886400202,0.0032145697923800128,0.008212049281319812,0.0034382254383615815,0.009616297040973646,0.001580858994773446,0.015664945606068043,0.008425295680218173,0.019755288418690217,0.006313304340518812,0.5689549629596298
30,0.0005034792631885038,0.08248041469348447,0.00014020210699841536,0.0017272009293085912,0.008226771821418472,0.0007307017834132571,0.014685277897719994,0.5505807068962826,0.0007148025105210379,0.23879791517270443,0.00841244884378423,5.133778902420486e-05,0.00195768653416024,0.0012804767789189222,9.314546067792147e-05,0.000331587816174731,0.0022359864084860485,0.08181989241032063,0.0020960303620334575,0.0031339345213797646
31,0.09774112333528077,0.015538464378787635,0.0007518011136654316,1.2173000057198726e-05,0.005909163528164886,3.239412650135318e-06,0.0011755912422422008,0.04022703241323893,0.00019274162252291553,0.5145682669144903,0.05603917485747345,0.0033395939730418334,3.129852497768116e-06,0.019692276598428947,1.9700229080635945e-05,0.00075664214966492,0.1281541377703224,0.11486855937645309,4.408151520180578e-05,0.0009631067167347502
32,0.00039121131979113984,0.015333985077244223,0.02285261133083525,0.03838582244198326,0.047570729355846615,0.028376763023809183,0.0622268277492949,0.1151915988966224,0.151749411768051,0.004228571796347299,0.0022019876213550172,0.014327571689927305,8.381432557918675e-05,0.00012970116003165562,0.05462040182659935,0.00317849598733549,0.0005178097606241777,0.10415960668529829,0.020931158708410384,0.3135419194750139
33,0.0022588314565963985,0.010788368916853367,0.018200498249951794,0.014229240329118062,0.003029652901561483,0.0016912139561782644,0.2462919275831124,0.0032675990252966523,0.4059432011743224,0.08100634827270967,0.06962366051301198,0.0020596415308967823,0.0002552680259803535,0.0001572850762724515,0.08867171784124614,0.002794693304736485,0.00010374624382668254,0.02758148567614717,0.01761784255221039,0.004427777369971022
34,0.004753759803856418,0.004047451239926747,0.060720863118212474,0.002960479966280581,0.0454062618680742,0.0031472866766968977,0.10421606430040689,0.042336110465761065,0.012593703911396381,0.004280583480581878,0.01987469971951751,0.05829249209944733,0.011678611980881487,0.0040942506627051605,0.0307474953899571,0.018202096206879032,0.015593692789174201,0.008805950883813973,0.05040135898175737,0.4978467864546735
35,0.0004586300885280791,0.00013673093113432752,0.004883040941584681,7.05851769767168e-05,0.001077945283472531,0.12281148834538451,0.0036299864800831043,0.00215892382816911,0.0073084439589552914,0.001372832226789375,0.0010548020387450032,0.0010915948808138457,0.0030323788846383357,0.002869981599666295,0.008397442623396287,0.23535055215758488,0.6026160565034976,0.00025316523133851103,0.00048232392317921243,0.0009430948960622673
36,0.005283621421637754,0.002781548097543776,0.00010080659246266965,0.004405302315165278,0.1676907769819746,0.054589854140689356,0.024792741937695924,0.02590030031769849,0.003137687904288997,0.018996025328978525,0.011887009613531277,0.008350300472739233,0.0001513070576124774,0.10598590757519975,8.351887842100974e-05,0.28175401308681397,0.017827433244946643,0.0037139880348124655,0.2604881203405702,0.0020797366572173873
37,0.01111098960602088,0.006341261421492731,0.003986392333232606,0.0050776363220176686,0.036727236932394415,0.11438043207370109,0.05088395942230111,0.0071638543989398906,7.863471572740368e-06,0.009522512174623887,0.024266909912957817,0.02828507024100473,2.4070480679175918e-05,0.0450526313478079,0.01923414139802655,0.04290054764144949,0.014940166049006694,0.06556699960168397,0.3836044636951597,0.13092286147592685
38,0.0038339104721746412,7.733003787516292e-05,0.0005839908031887985,0.00917677738968993,0.00025413940575400176,0.0002137961269427255,0.00014698185902966673,0.004766829172460461,0.002505434219290851,0.001010127067254138,0.00024913318621879257,0.002266963688084838,0.0004543881158000307,0.0044479711942265535,0.9617809143162923,5.8897242351996255e-05,0.0012046990317773915,0.005953707450157709,0.000470280601666598,0.0005437286197636003
39,0.009263304858595639,0.3034952799117532,0.00676931717418266,0.0012305541802359978,0.03218423985254863,0.004766656891671921,0.041278055897650184,0.06568672062160334,0.018978083088613224,0.00891357093935296,0.002978649110830928,0.10762413438429624,0.0012983927036336706,0.08440565645329821,0.02358765278593795,0.07282729203642216,0.007648908839526811,0.06197278474705299,0.14042579738121014,0.004664948141583045
40,0.0022117681329142827,0.02548798252963837,0.026945802611529627,0.7791415883689646,0.0013807733973541536,0.002171854148920769,0.00013811225577145254,2.4615653647461184e-05,0.017559866018305576,0.007880558414331789,0.000770031791669611,0.00021557659791926153,0.004489385622607517,0.05831092100986398,0.00012723948990923728,0.013565538540207131,0.00018408316589798286,0.0009669991672001746,0.058364446852360016,6.28562309870139e-05
41,0.0006586210908712172,0.0013716988170273765,0.007209857636211007,0.001584738075720671,0.0025191502359295202,0.00025819745448442286,0.00017942724493355666,0.000990479914289012,0.9729745127615733,0.002735442487000691,0.0019874853886394407,0.0027968102114693037,0.0007714013727157627,0.0003567370034558745,0.0010101141754453194,0.0003150594355061616,0.00015776483495780221,0.00016175047076915754,0.001791970894642213,0.00016878049435816334
42,0.007438783045485623,0.00782396778731232,0.003885680671435558,0.0001370991020163729,0.009298186650305918,0.001861827081510702,0.017160214804425873,0.0021772419664007796,0.0514434283101414,0.003253001624310911,0.000629275930024148,0.3795670220160943,0.00011818432468833868,0.4961396429376234,0.0002294099427280454,0.0033960849216558217,0.0010840589339595336,0.01020041678519615,0.0015385429656819246,0.002617930199002691
43,0.07846410164885496,0.017978651295707433,0.002504092348415631,0.006699726799323274,0.0013209755773318588,0.003140978229829248,0.15081411184964197,0.01020407730209026,0.00369033868882629,0.0030649907483766368,0.013944285200570583,0.001446753310654587,0.6161779448544655,0.008675051595268601,0.0012616379580277619,0.0319764028029935,0.012157394039420224,0.0003275336455503438,0.03169501985374454,0.004455932250906782
44,0.16470648400632137,0.4798069571267206,0.0003248594966817661,0.017847267764595182,0.002226670619494566,0.018636566232207514,0.01967217536478607,0.012619455512459564,0.0006699886631784376,0.046200739612093616,0.1697752734487495,0.037982715340525885,5.489909732963487e-05,0.0009834503720184413,0.009836055373231537,0.013823093042824574,0.0019857839123461766,0.0015210205428504704,0.0010773826169368538,0.0002491618546483322
45,0.00022714246070270486,0.14285240027830776,8.417284143815867e-06,1.625324802918968e-05,0.00880183940173366,5.4729798730517276e-06,4.0227505104910835e-06,0.5949907613406132,3.3052994921312716e-05,0.07055965633260666,0.010889049455180648,3.5186262109006305e-05,0.0011881456694223691,0.0001181654589771582,0.0001288991623011146,0.000263759711108583,0.02774745137752828,0.14137492057782639,7.725632557439141e-05,0.0006781469285300314
46,0.0005605799358591617,9.173667396195422e-05,0.0025055909845756383,8.645202118095498e-05,0.09579832591258232,0.0004919722110615295,0.0001064003329558354,7.970007802982122e-05,0.003743831597802162,0.0002992772658064861,0.004402138707983241,0.0005834503349116115,6.093383964739331e-06,0.0004263036997436457,0.8791782639452399,0.003127228019076195,0.004073998935707468,0.00010863158779820456,0.0007378103377034729,0.00359221403405586
47,0.2678884452141878,0.0447271014289192,4.067461412720379e-05,0.0003142153004930729,0.00010286266858858996,0.0031681668170148343,0.00181111233074311,0.010969306139120111,0.00036212028477510227,0.03341824674256683,0.5312237169019473,0.000284009083605811,0.0011045294098537702,0.056091494912308575,9.727548102874519e-05,0.001593988681143183,0.04440064578654278,0.0019340412757592918,0.00022385886698504892,0.0002441880602896838
48,0.0012177457999992538,0.0027545415862127616,0.004462158498717656,0.001993152600970058,0.03136600107714368,0.008783857186584133,0.008084668298541268,0.016264255408308188,0.669354415741871,0.004158757874520588,0.02004716376513565,0.005650005162372886,0.0029552956286275655,0.055282230001321375,0.017634593818757878,0.005330142582683425,0.003053786256435033,0.023450572974475555,0.1180942316023736,6.242413494849686e-05
49,0.0001396632760287728,0.003448532047468713,0.001984893921906691,0.00010726425856364866,0.00015728490830966207,0.0021572344975405756,0.0012274617547646581,0.0009463780604961351,0.00012304852964900072,0.004271045481524019,0.003881346744938302,0.00012178313930919662,1.4269433961754954e-05,0.00012270494242342585,0.0007445374936527692,8.37357573920815e-05,0.00015879540518328662,0.00438011134085906,0.9754768141443556,0.00045309486167265285
50,0.013357841824468081,0.002575410314834994,0.033258604359246303,0.0015250638476056728,0.15831262401809584,0.3735880353378982,0.019000205384049444,0.026320315757315815,0.0016135409819248144,0.004644570462008462,0.19769715054683354,0.016654942904913976,0.0003299129355853789,0.025594826017904686,0.0013590684513176353,0.0023246596778178437,0.005520577397456229,0.001433282995602228,0.11460730366117822,0.00028206312394256274
51,0.04873074476105162,0.05762535678913305,0.0001361415067548227,0.04496575229205951,0.033293896343882474,0.008440912678265909,0.00245421838301904,0.015800314079716323,0.0013347158556029609,0.45441227323021105,0.1150990158887956,0.02069655271407357,0.0009340962999230859,0.13777145278469044,0.0006670181454460019,0.03629815417344933,0.01211614504147071,0.0033282896089337414,0.0057085668243806315,0.00018638259914030385
52,0.03342163653533683,0.022259446842750944,2.4926800276145914e-05,0.008845219380857177,0.00011004373242037533,0.0014265066133051206,0.0025011675940707803,0.00020459992332575475,0.0015454044415394302,7.78280011725796e-07,0.005912834685128281,0.0108063556482679,0.0016445547533581477,0.010807220959149077,2.6141603745174026e-05,0.8465950872676962,0.0047779051626952165,0.04160144576396927,0.007355434894602784,0.00013328911749366527
53,0.09592271339164853,0.0020300870875668954,0.018079842229687247,0.00027133394666995164,0.000538529659307499,0.4570234412580985,0.12642963718046146,0.030082624622324413,0.006313636093010754,0.008965538254025447,0.14634433911780956,0.02697593226927231,0.0011252250253786175,0.018129007822165363,0.0023464334895339552,0.01240377074734485,0.025496982282741318,0.005706945831044089,0.001272274977915031,0.014541704713994233
54,0.01563212812477858,0.11085952495898646,9.85985382362175e-05,0.014795679114786376,0.029448900620933673,0.0012963377526067495,0.014482332658253274,0.01887248314231361,0.18600594285428662,0.020013860711793695,0.002683945895791688,0.021395700622961703,0.0004077340902567671,0.02096336453560015,0.26765223282101025,0.003268823176832855,0.0269113349604573,0.03987981780655337,0.0024734519696481697,0.20285780564391248
55,0.006023298427039102,0.02981089645921016,0.0013904563226764788,0.06827218553721359,0.06628836627894794,0.0035399358979263345,0.18546060507379925,0.012700877131429988,0.0012455346279262212,0.00567834270816768,0.011918885458541627,0.00034338963712443604,2.5068219475791502e-05,0.04977929876671465,0.05837397467953202,0.05552647530278149,0.10054965676666275,0.056844059523067876,0.17755183201773608,0.10867686116402656
56,0.018524191843564533,0.007973439319799212,0.0010700037201942312,0.00015518064433969232,0.0018737915578917296,0.0011593225335173635,0.0003255804814093729,0.03304628038418404,0.0005510073695339239,0.16509219998257796,0.34377663956016774,0.023865905549457937,0.22059283448560388,0.018777353234792907,7.052129280154127e-05,0.07398909680678571,0.015910018460144174,0.06770106171215157,0.0005581887947711069,0.00498738226631116
57,0.09563312028848167,0.0023819323622057656,3.784004292139167e-05,0.0013885456543824572,0.051196769417640835,0.11715357147362174,0.013767024380225274,0.21474258982934863,0.0045652200554005765,0.22890378112098048,0.02609734591045983,0.0005370847932782761,0.00026710822654817974,0.0020964150116355917,1.978577963232209e-05,0.03163634667776694,0.09335351066490492,0.0982495643930396,0.012378131888439661,0.00559431202908578
58,0.02106479147504157,0.4927446646359725,0.00023333839112931577,3.06581075344675e-05,6.112010814914194e-05,0.014818514607642398,1.1394038452097365e-05,0.04914331316099957,0.006382513579492323,0.0007158578707126979,0.001098676829484641,0.0048013748292784295,0.00018590181189645714,0.0018443350131490438,0.015820552545777886,0.04011963083385539,0.07600707583122648,0.2747024113461801,0.00018165526182508795,3.221972220039957e-05
59,0.3409769499966053,0.048895805844556085,6.718748229578316e-05,0.008488145202946837,0.00020932097118325107,0.5511955389723632,0.001915301280445145,0.007419364643524177,0.0007311380202554125,0.0009815465770807023,0.0064604283084476405,0.0015043039016214032,0.00657855385002938,0.0004290214856253683,0.0007489363245931583,0.009849057348389905,0.009363197785006432,0.0012509724078592953,0.00256791316850143,0.0003673164286701115
60,0.004906592038472479,0.017343951247782156,0.010256169336859024,0.011486701132532091,0.0037570094451003424,0.009136003052047101,0.03620315936200826,0.006172687426906735,0.004484722575991644,0.016562229748396523,0.005762001313372269,0.028804826534428663,4.297480394285692e-05,0.5099887614651782,0.02346715107104087,0.004511180588299733,0.010587337555293124,0.2047943290704464,0.07529322663470624,0.016438985597195456
61,0.012326818442428548,0.1463417073071818,0.003988182762398587,0.05013564471215414,0.008168110462477462,0.10550859680314174,0.020159583172317457,0.0019910726714197106,0.0782858292064456,0.0055274243805592685,0.013649587945781907,0.030319122463632983,0.052481884461055804,0.1243041111998905,0.11151509111515259,0.05717919718488097,0.11155416137941435,0.002954340052700607,0.03745944321202621,0.026150091064939752
62,0.004148698017398289,0.03823319718980751,0.04744307793565293,0.003944686568146631,0.13741838850787946,0.0064632868753897585,0.03826372048310241,0.020798585623342022,0.3756840263568793,0.07731054651749142,0.0120111283587064,0.02548751434179938,0.013908096843465743,0.0011748642331560835,0.10561460711856753,0.0182868277964108,0.008548844090558175,0.0031216461181824487,0.00830968325998234,0.053828573764081296
63,0.06427976146631008,0.11988826115148948,0.019857345285175305,0.0005498170869815717,0.011551715690991811,0.009813711084266097,0.024690421073013738,0.25630095794391006,0.010185080221406457,0.10619233297381117,0.02019970009207624,0.0008239369674154145,0.013416594738049865,0.008777167246305893,0.1678707901901012,0.06654860155623347,0.05911420114359232,0.02803739315817858,0.009277536410165443,0.002624674520525814
64,0.17049615822869502,0.1929678098514344,0.018595891039015933,0.0300818352039516,0.005909414796838781,0.07870630314179446,0.050666474894557396,0.005967259072400091,0.04397868762437593,0.03463383253410556,0.06819866989711251,0.00962981145044342,0.04223448910844381,0.025319476987043107,0.003593371775910244,0.04669785101594719,0.0621665867595814,0.044203675138658485,0.004797198457484458,0.061155203022206256
65,0.01579837226628994,0.003023678205408649,0.03826871774502797,0.02969801731267161,0.049534179418565825,0.008203737407071568,0.02362548095424866,0.08321391239740401,0.00953323138308525,0.048749075363919495,0.06909098946936879,0.047996732205323696,0.06261194781827514,0.23755631439684385,0.11000257625617008,0.03095068987638966,0.012187934702834271,0.022413853158463882,0.012898766729893449,0.0846417929327442
66,0.0015875105211444382,0.2818059369411805,0.005032994676943258,0.00017297230876947412,0.011003607956648053,0.004932476341081285,0.013497840931554548,0.028277745614792554,0.11701307563907665,0.012949791737385067,0.009989612813431989,0.007736624623230744,0.0015049269028180336,0.003137610428514452,0.0012067498357688463,0.0014701633760528794,0.009582148793174972,0.03537419158805918,0.3849612575904721,0.06876276137990092
67,0.0305280142148412,0.09103442574639778,0.0012920611265648582,0.29377041460958286,0.06140509000201925,0.0014821736333814168,0.0008323349246818511,0.2162555619615334,0.010380181910639368,0.03607421795315771,0.01786252894920055,0.026054590032417883,0.004020066246387513,0.0879163496554331,0.0008572451213207207,0.03748736092506312,0.02161784553865844,0.012732647492209712,0.002926934572425999,0.04546995538408343
68,0.011049096478543099,0.3034016983804598,0.02451895975439278,0.010674482640196615,0.0002829269717265637,0.07323828342120857,0.024488053156726333,0.004113763349956614,0.016289105426873684,0.018448652977679197,0.10449883889357078,0.17773682824156045,0.06720751301824558,0.011460656872866803,0.02061045691507172,0.08874525968275537,0.033905066859274836,0.003134479598631054,0.0041782666480614,0.0020176107121987405
69,0.0158001550624561,0.009682078494551476,0.02800241733777151,0.01962453896235883,0.058147397879693516,0.18949169213703865,0.011434142641262416,0.0045390273396360885,0.02441009820438724,0.026353346850428856,0.07021155377295979,0.39741514303807074,0.0042535753582485306,0.007564329102530729,7.728453508302108e-05,0.08110755665575524,0.03770005227854576,0.006182604637950113,0.0025619037537525664,0.005441101957518911
70,0.030167599319883456,0.033603992756157476,0.018603280562190926,0.02081937074069288,0.006050084960890152,0.06642238940433189,0.049192965633447015,0.008631896790720262,0.0027660504894985337,0.10123339355082327,0.026084573082736564,0.16054344223859185,0.0008200862422581092,0.026555581357204764,0.2576193980628647,0.03234136195691824,0.0026405292981833473,0.004451816400706586,0.09468723070701807,0.05676495644488189
71,0.0388614180657468,0.12932342305493277,0.025443821112382938,0.0016742861333247934,0.0005989771122520753,0.07315692218888917,0.05950557326379791,0.015492737084543507,0.0005266658263033117,0.007227881699050163,0.003564981888328039,0.26664363954782994,7.440285360580725e-05,0.06497916654043123,0.0009157081830928386,0.09054125080141186,0.1873391386491449,0.02722204158896334,0.006540558742258106,0.0003674056637107083
72,0.015590001619228841,0.024251733072103102,0.009472170602665399,0.02308457499454295,0.04339895367794961,0.053286524277870735,0.018522485921026226,0.02725105774350129,0.11420018087610322,0.012757658044398086,0.022202550961321937,0.11698857340276281,0.2973826113836715,0.02196754467765218,0.022660646527004655,0.01086358854213126,0.02395637650344414,0.09277410803735303,0.001503175355730623,0.04788548377953853
73,0.009943469135534466,0.0012334743845035107,0.0005859016027666309,0.00039966317334056697,0.002309384595266938,0.016916514293789917,0.27006119346054175,0.03372959479849684,0.1809387045360225,0.003687655369869951,0.04337941232130379,0.034063966682433396,0.17219456192198748,0.03816462892918639,0.0612885698644372,0.03046980774356369,0.009476416468895818,0.031266489518862586,0.056288418930179704,0.003602172269017039
74,0.031033556713859548,0.006883537888131466,0.01107349601342992,0.10930163321721434,0.08536182503107216,0.012413098129887352,0.030570710383219797,0.00907561286264032,0.040824732311729776,0.04384722890866667,0.007101280341773628,0.028991563437515033,0.0008684096360883721,0.013615650585741481,0.030464193146694914,0.017558001271823973,0.005126038109560243,0.03138844637622144,0.4842492709239971,0.0002517147107325785
75,0.009435966089785794,0.005715200385293479,0.004881362745624737,0.0028332016586643002,0.01808410171240336,0.02811750963393555,0.01275278883514353,0.059533502273857834,0.035155672148032203,0.07171097526592617,0.009474469161153814,0.11808674527387326,0.00020924369820166398,0.027801458472038826,0.0018528240458119195,0.0563497555046254,0.02918029638349654,0.13158249342163214,0.2625928589612206,0.11464957432927893
76,0.059029659716199015,0.27299452852045314,0.00015187999594552923,0.014903270927495531,0.06554331104652006,0.05770006778124178,0.040975662776123606,0.035203459630258525,0.00013097729892065765,0.029627090504920014,0.00660994083486855,0.030689127370099885,0.02130560778992214,0.005483755643624345,0.004394408140836,0.05415422963238138,0.028934311540636738,0.22375849489383381,0.013734023708617786,0.03467619224710144
77,0.001499390841547402,0.03162682650154624,0.0007099595532590367,0.00013740068923530336,0.4987506728405104,9.677502187732238e-06,0.005215035212201613,0.09224190811788092,0.004167180327816494,0.024695461435564985,0.198463744099438,0.07263357574325682,0.0015610859234005362,0.020158704983164445,0.002497119217411541,6.003899897567291e-05,0.000559170849167156,0.01193365739442379,4.9715922517979055e-05,0.03302967384649388
78,0.1076050790064452,0.018949672028819583,0.0005104491186259491,0.008543532781198373,0.1184223548040318,0.0002034245998776008,0.01113105654736587,0.0031224587366785626,0.018864123798039988,0.3984112043973259,0.016953127281686926,0.0040972763684804184,4.365008167631239e-06,0.0015249748141110532,0.12490700045027628,0.0008165977096934136,0.008022505970486394,0.041077379478061074,0.06981011428280964,0.04702330281781836
79,0.09796593528232227,0.008955070517332922,0.04421783598398416,0.00031372215020095877,0.02762524131057108,0.029086967519186595,0.0030010802201570325,0.0414918120607481,0.23767581525436793,0.012684715398338618,0.11077968244169513,0.018596123601992507,0.00010769877006262098,0.00474952772442264,0.04430965246902375,0.025325285798705698,0.06637466831844424,0.06596420536375977,0.15752674644339174,0.0032482133712923877
80,0.05830806638736974,0.05669976374239114,0.00222514886802392,0.006794260722322855,0.008431508124966493,0.02541240568920282,0.18482237552840444,0.08168477518551143,0.1519117504279908,0.014896097145008348,0.0332219677764685,0.025691155888832837,0.017990718054564068,0.016391764989196197,0.10197585572949816,0.024337634719931462,0.0024245336185091423,0.0032152006606788112,0.0026254196865885112,0.18093959705454038
81,0.01970198646593225,0.48711887848142993,0.0010960652602371914,0.0005741541156369051,0.010761364884909573,0.03231128711823776,0.03922045853648644,0.012046453349034343,0.02846003726398177,0.010284194402005937,0.017747585926768738,0.009024152789876802,1.2159157445658605e-05,0.019091237582543462,0.025151242929556963,0.006823768725574866,0.020506776203007414,0.04817214630546635,0.16276288902620972,0.049133161475657876
82,0.006891792195305581,0.06527527470469677,0.00012720219350090245,0.0011012816720147687,0.011808277432456602,0.11028187317821327,0.0036856881460867992,0.00500514122501758,0.6087634321912683,0.002452305275282118,0.009075408941169512,0.010798048636772362,0.0025086018078429744,0.022809436334805918,0.005705359227360583,0.07765950962000227,0.024372942949189617,0.020892468931831575,0.0012055866390340867,0.009580368698148429
83,5.954245871445208e-05,0.00027687169685178606,0.9451377704620185,0.0015379438620676843,0.00016190071168968787,0.0009052215821623888,0.0004656015244025007,3.932131146551781e-05,6.257283160859124e-05,3.8617311752733315e-06,0.009728635886579583,0.019886673594595942,0.00015344205788331316,0.0028487095898007027,0.00032931078802742367,0.011805126928397124,0.001117694958674606,0.0008498046927026923,0.0004568163268571819,0.004173177004325317
84,0.41144029641707475,0.027388081326620118,0.011129892687394553,0.00010105288734368355,0.00019426581570832055,0.00553635407304039,0.0006527185177607279,0.0010994745588498824,0.0001091384820527357,0.0005867307421068335,0.003652503480825998,0.004437966645465963,0.3449209823693929,0.002358696364266242,0.001580704343960795,0.16818256392670106,0.005426979841437082,0.0007220412655537249,0.010374995974212618,0.00010456028023159723
85,0.05449960503222857,0.006511961126967468,0.00030885454404346144,0.004619052552713094,0.0005649792472403314,0.8741961766399847,0.001337949057139654,0.001081330088555378,0.0006026903339422278,0.00010293525208022227,0.03124431152963953,0.002147674188819263,0.0008563431445855789,0.00011686278841125441,5.046287118701893e-05,0.005543084001733328,0.006287338354258058,0.006857163618175099,0.000989750693432232,0.0020814749348635852
86,0.017474310209631267,0.04200503221893113,0.0003101667142830344,1.7243073073687957e-05,0.0021872562200751944,0.11410015671564347,0.0008730851046121195,0.0009086499165862003,0.0023507238162470893,0.00019576583681442324,0.0036949519840380448,0.5892417604958304,0.0005772701837805214,0.05616870020795607,0.016759154443292686,0.11797891683129089,0.019135324287796896,0.009939267866352915,0.005983731462673368,9.8532411090475e-05
87,0.025441807278731948,0.016124289895049104,0.02256629253620209,0.03756582806479123,0.04703871976329103,0.004288537146669558,0.043151832241864266,0.00439971118046334,0.04714250497523841,0.1845162686344772,0.23300255387445543,0.025069174248971,0.0026860686969418257,0.0073009717991476195,0.15810465239761928,0.018298693451506254,0.07867617251645467,0.0048507793316858346,0.0005177391924721163,0.03925740277396782
88,0.0037644883958714895,0.011403277976927133,0.030439013118924316,0.0061651128546454,0.004062079874599776,0.0018841492690487068,0.0022849670614423904,0.0003816655625454914,0.01168492385742442,0.010634609678823587,0.0031708320236011724,0.005908043645249664,0.0006842555183975675,0.012594750053986917,0.8558145209516733,0.016584146286962826,2.625644019894705e-05,0.00127252619813056,0.017729308705382796,0.003511072526163383
89,0.004003745274063736,0.06839332337586514,0.00022333104383613877,0.0012313620249863961,0.5223571564885643,0.024716114643175104,0.002297939314430774,0.05356551892303968,0.006822760067922332,0.02998647558535307,0.01746351492007453,0.005028391144055241,0.009788268483175207,0.0013471847845307953,0.009131675008418749,0.025088924572914992,0.013224220291017826,0.05878599636703327,0.1460652318092438,0.00047886587829911153
90,0.0017148896350969562,0.0900580571616085,0.005784402148031845,0.013031939709639591,0.001237499738817481,1.7928008126419464e-05,0.08529693364186487,0.018770523483847893,0.03570145746763644,0.004792890770388647,0.17359338064078184,0.4224915217553973,1.08347745617859e-05,0.06121492940713319,0.012466059208362282,0.012992359873209467,0.013614186646618972,0.02126237151899295,0.025486740519364018,0.0004610938905194035
91,0.008061516288707396,0.6259400051234972,7.245521680123468e-05,0.028215305255459615,0.000846290754720309,0.009081120138765698,0.020075196912693435,0.0076405307211034066,0.0017164048195151993,0.08972293651534213,0.011167170140755092,0.0058906593258928035,5.706625090018693e-06,0.014857921575269122,0.0002745470914393891,0.019615926449048526,0.025517430849151205,0.11302041834148296,0.005952007861335792,0.01232644999392915
92,0.016814299602701917,0.09858769703226031,0.0020030216931850513,0.00282924906899666,0.00012863423691104908,0.17486732595124335,0.16162357409930522,0.000716554799064841,0.027280631522179626,0.0010295409512976817,0.02386910960863031,0.022227000566211123,0.04867132109976291,0.015460087772913935,0.006452669399816612,0.21595941253608286,0.1704275626143886,0.002024583670241358,0.008818798586170622,0.00020892518863599628
93,0.004691219602409202,0.014310608816812896,0.00328589953795879,0.0032155836896629983,0.018577337280492857,0.0001841142839890531,0.030142011711941693,0.0069921027883704375,0.034055074783795845,0.05860103518428538,0.0968359633214361,0.0005872322749462116,0.06106468102408983,0.019778851450175848,0.005689648203177781,0.05023697545052574,0.06950999707956536,0.09799843181272319,0.09841088904273464,0.3258323426609061
94,0.01195343994808743,0.5214989368500601,0.021552047027708483,0.006403617055631076,0.0020502128668067527,0.005382720784577364,0.001356062374854858,0.09203358822662878,0.0051505925347588985,0.04032557827019357,0.025931835267300973,0.015251819909350353,0.0018694762305001102,0.10584001921740568,0.02736888121674236,0.004523077940816345,0.016483069457284418,0.00548015238545475,0.06633150878687455,0.02321336364896326
