site,A,C,D,E,F,G,H,I,K,L,M,N,P,Q,R,S,T,V,W,Y
1,0.0024369276159646462,0.0002460742904569507,0.0002463431799077125,0.0006176448441008778,0.0013366618482788305,0.00026420490541967904,0.005041495761529935,0.00537190870036643,0.0038921345500623336,0.009104873057358853,0.9424685299412006,0.0005497240285226414,0.011144465025502872,0.0015171349970395911,3.2768344378703094e-05,0.0034443462566248755,0.006432262280284893,0.0034436640456982147,0.001161622747407714,0.0012472135798935005
2,0.0035773514696034953,0.0021591623538491154,0.014132055888201281,0.2399688957050509,0.0009504651790896567,0.00035114788733199293,0.09536096982549902,0.0017102195719196076,0.00883558094970809,0.003530440090429803,0.07159481428428598,0.5100265278805248,0.0001678096433714608,0.00022629624163806886,0.00028842287120700236,0.0002435771492484185,0.0004119693802564712,0.03807450625397629,0.005793010604761415,0.002596776770047124
3,0.0012346681317013013,0.0031777065321498595,0.0059299635341053016,0.0005008076378530018,0.0029765514848918016,0.002387866292159253,0.021475474995011026,0.009905232113353266,0.010974904855571371,0.004607301653828183,0.021725840406506047,0.002305719727671058,0.0007755448684116765,0.0029170235745428767,0.8916143356797073,0.002982539398694519,0.003263319183080793,0.0032722596865726143,0.006502403936248572,0.0014705363079402208
4,0.02475251314802772,0.021673474136734917,0.0006557630278724372,0.07992957321685179,0.002910718261033783,0.06707917317668227,0.12128890872925706,0.15830499862412833,0.006043055456620362,0.01685997910393279,0.010063213815482835,0.04207815328671792,0.0006642692371915133,0.08747106284297665,0.0011095665172849468,0.008730559239248033,0.3233374197723375,0.02331320554334765,0.0026651186441282544,0.0010692742201432314
5,0.019676070333455187,0.11390081620541495,0.0010455551407120007,0.03511005309639006,0.07925112073155889,0.03294142754811142,0.00723207897826628,0.11925556503988774,0.22182267945819767,0.015862235712872697,0.008854254224348063,0.020462099305726164,0.004540015415863819,0.17639047644092393,0.01338746288952274,0.03717651851984906,0.05496085645481787,0.027960534701300107,0.003975623980485337,0.006194555822296018
6,0.016054338520272243,0.005473236922176884,0.00032009939060177793,0.052711891961849014,0.005339642171578995,0.002459831671643169,0.04897351475878177,0.17665752332996454,0.04465520869429961,0.39630438438265714,0.006898217112183079,0.001710747189217688,0.0016839818061645745,0.083536655422691,0.03422192248590872,0.005362694329015791,0.030397401008496368,0.06511113513982007,0.0018085333747809133,0.02031904032789666
7,0.04225053881543767,0.0076315210731926755,0.0018792798484129165,0.002056485750288848,0.07988154016017923,0.006510045871169988,0.0047639047027734005,0.23146038268367924,0.0013565827480678033,0.36536623438779403,0.017439289654347233,0.014142633214822838,0.0008373524671562567,0.0018284208384629506,0.000589449425052908,0.01521786011442025,0.05516931096704157,0.14672081795715117,0.0018722027216826335,0.0030261465988663683
8,0.004689108774025501,0.08932042689247417,0.0023916461835938214,0.005265245595660418,0.013734863587661265,0.002213086499423103,0.008923069676257217,0.025901965730362738,0.014760668408434631,0.04458950110267837,0.03650586170039718,0.013380357776410657,0.0006694043353886086,0.011348491594111684,0.5291835206795285,0.0032637539434743307,0.0036975336454048296,0.02009968265134704,0.008787548977137865,0.1612742622462282
9,0.053088898559435355,0.10685560448253957,0.19198087287482488,0.18898782142723483,0.007756005149995867,0.005598511875713601,0.0026465038584168126,0.01755269416100509,0.0944702716643153,0.0004621212102598001,0.04865196353618186,0.16822568849777564,8.036842699797933e-05,0.0021302758622262588,0.0028942664532413255,0.024829591640064205,0.030947105307468133,0.028110494445445253,0.003334382805806172,0.021396557761052214
10,0.02241233710551069,0.015079698829208272,0.0056286025973303734,0.009924407236684002,0.11514525278674476,0.01593368549503468,0.07986842603265444,0.07246422890126167,0.06661891695612489,0.023219480308456483,0.02034951937955656,0.004326651591057072,0.003376383525819521,0.028030583334844428,0.025529185690129817,0.07185982355646642,0.07616249860517814,0.2281389773711745,0.05344281256186802,0.06248852813489516
11,0.003356928800723337,0.03465980571342581,0.00025437900705467894,0.0005894520756183584,0.03082513113173165,0.0016000162222788428,0.03562371135620979,0.4327079763217048,0.01410222363288491,0.08394396458780193,0.04149705289829416,0.0015271750351972789,1.5357896227934635e-05,0.014911946080961308,0.00031270902249216513,0.013008477868201621,0.042218564591919756,0.1578565583299112,0.004011903724499575,0.08697666570286103
12,0.004997534814807925,0.02205821093453212,0.006901408083366041,0.04618257844870466,0.010743495855348006,0.0030745769995170185,0.025663968092852592,0.22038676169340987,1.4819263583518066e-05,0.14076040663666592,0.3790311879895938,0.0006596549862370739,0.0013775252781838708,0.04777297095231184,0.006442915867308701,0.058622859330826164,0.013218047643257643,0.0026918260310949812,0.0006874211114404159,0.008711829986957739
13,0.028607242469516302,0.005740874454270225,0.0667820725760151,0.06805773401522393,0.001458228789771256,0.016759617535249443,0.021395288078934194,0.003335564527141558,0.055911227718752475,0.09786677805310888,0.3002493363425414,0.00653801631321007,0.003907600229574361,0.2489796097911705,0.028320905562429482,0.004224398357325546,0.002671999661596506,0.007197470042929083,0.02249505995228264,0.009500975528956988
14,0.030995099121839068,0.0010199283662074704,0.004947710881878728,0.006521071798593626,0.00698307433215622,5.9598286208423593e-05,0.00017691094404323916,0.00016076886219710767,0.000770003909487838,0.0002441518332161921,0.04246159164337303,0.003220539386577187,0.02499659911866656,0.000921756512159322,0.004061742899328758,0.8318011496885772,0.021502894256136017,0.004881367785748906,0.0036565004336730545,0.01061753993993207
15,0.014424458862855594,0.00298252587302494,0.00031178359492545595,0.0009033154522635077,0.00030795163735280415,6.49681642406575e-05,0.0016417361298379993,0.00018639443390853542,0.0005241261918520916,0.0036872932967887653,0.0022271579495597937,0.000555916045686446,0.0003040274052894557,0.00019106096605524438,0.9649396815092504,0.003926493003928848,0.00037243948696131265,0.00025065405176166,0.0005778192587437077,0.00162019668571293
16,0.020572942933105985,0.017573138677006803,0.0020621437866289046,0.010400608761755798,0.019567415277672525,0.006560327643329836,0.0012759107074408668,0.12457268500602973,0.003866951350171383,0.02530190797845972,0.13658253617355318,0.05366511080772825,0.02248982044995292,0.3214608761777478,0.019620878923289724,0.002385369609303085,0.10971743949459582,0.06471506663980187,0.005891597777293501,0.03171727182513218
17,0.0008096725237883092,0.003907706339751479,8.240279056962737e-05,0.00010226164949784696,0.00027750105959212186,0.004837799942013383,0.01655619227359319,6.518208916029648e-05,0.0018978613130122958,0.005059663979501455,0.00020064999335238845,0.026659410175135123,1.3446626901339035e-05,0.00011247816108308139,0.9239363655751678,0.004501261050573223,0.00017950325906091518,0.00019166032777437878,0.009989391126766702,0.000619589743705124
18,0.025319999378007656,0.0008195905430070988,0.00863125889936583,0.41845771189383,0.0007664696277791413,0.5018053703220821,0.0011512924015359277,0.00016491417178976443,0.008823862083592785,0.00034345169696247676,0.0007777794151393616,0.00021004467472657726,1.0157213076606138e-05,0.0009485854336690292,0.007482817035943076,0.0006925850503145605,0.0009296392217206798,0.005628267036635605,0.01678315161904631,0.0002530522817753691
19,0.0005685821303952984,0.013681063899059175,0.001084713636732094,0.007840704967229179,0.0019311782456670416,0.00017739586970745133,0.0019472060281134844,0.6294292948622294,0.003738043046519198,0.009073085049653642,0.022811216116145207,0.003958967001224662,3.297445842286034e-05,0.0011409158797660822,0.00012522598677015682,6.047530343384355e-05,0.05476844437992757,0.24336002116115946,0.0037238271713061653,0.0005466648065378934
20,0.0005271097585017905,0.07233262942213019,0.0003235231046051135,8.879232695564836e-05,0.010055268906913627,0.0005826192143063963,0.0007883681027798852,0.3724607308049113,0.00012787562172600898,0.3940211103481691,0.12127866296631576,0.00011554537598999949,0.0018958113986641436,0.0015936293268928661,0.0002269886885334266,4.57473680934865e-05,7.290826790348591e-05,0.02285608714289395,0.00037533326490160943,0.0002312585888123068
21,0.013979958209993718,0.02782285615096595,0.08129715245621764,0.009828901263468774,0.06689383275843178,0.07198168823152262,0.08754556450451914,0.03914017293748619,0.026311338260809867,0.22954762117891409,0.004489006981353897,0.12016360078817186,1.1473781395801442e-05,0.023470574203483897,0.05812551886364635,0.022470890499990778,0.04896881329028258,0.025154660277883083,0.0261045335853416,0.0166918417761203
22,0.0259805197556815,0.005600460552793772,0.003051242379644528,0.03524698015279843,0.0060648960613491135,0.009746934402834204,0.025369119678097723,0.14399126944548904,0.16126300692189546,0.003897312487898086,0.039737056384574136,0.02564443306994014,0.00019394586857309789,0.005939410713025226,0.1671012486626838,0.04472760299316208,0.07153608750616411,0.12739771005644718,0.08979479467940527,0.007715968227543061
23,0.000785450848339598,0.045561444500183595,0.00018602332123935036,0.002738973778255841,0.0018555985310307564,0.0006974747978609599,0.001267339117770923,0.06404853682854429,0.00032916066431437516,2.6108511198839666e-05,0.016813678371934898,0.013163475378609804,0.00022979958775124545,0.007558718591634467,0.0947882374284271,0.0022164451107425367,0.4288469769483498,0.31356188686588865,0.00414896526682488,0.0011757055510980456
24,0.028126465116585828,0.003318308650202519,0.0008252124088192565,0.022186517189781207,0.0006233376388142882,0.0142301519260684,0.012286424517988632,0.015270053532978509,0.0005084438144830102,0.0015391847336877105,0.014190432519705271,0.14487509282783959,0.016291008918200935,0.06451020323641404,0.0011711844217114095,0.035558329485107384,0.6102720863010016,0.00140631200905839,0.005326033903022286,0.00748521684852974
25,0.002162892508795633,0.004844092819152023,0.00012655628201118044,0.00022811789220892193,0.0004241007959729217,0.00020775961782467167,0.0002092751156608947,0.38403880368058446,0.00013213036728557971,0.05683972695641071,0.012612094511386996,0.0001468492773585638,0.0003875243472759977,0.002956458307837164,5.913042990042679e-05,0.002232334491003761,0.06781633459223321,0.45205244900469077,0.0034661396742894863,0.009057229328116648
26,0.0011051678381552809,0.00046416443070041775,0.972176127400532,0.0007614400678979352,0.0003637909581159268,0.00042576535293410776,0.0003804936608470132,0.0013868663862887057,0.00033462123863246785,0.00019954946476494884,0.0006260329137210139,0.015361200815252466,0.0011447375023709186,0.0003854413690931858,7.669557922137533e-05,0.00024341737893917442,0.00033019360052264425,0.00019799076922073726,0.000950893126741048,0.003085410146048697
27,0.00831145800782473,0.001007194488184243,0.001570144750171169,0.0007563689685044412,0.015721566092069535,0.0005938702113662525,0.8173684544620826,0.00746069427634399,0.0015855475729396721,0.08430810900838454,0.0013891588442072104,0.010416682425656345,0.001256876723543587,0.0007427231387024701,0.0009413032393122034,0.0011476039411835047,0.005671960173400755,0.03617375675147842,0.001175574451604576,0.0024009524730397892
28,0.002754462569260203,0.04696044888308535,0.001719122951411889,0.0004223468091187002,0.018631577841317474,0.15231049888975282,0.005575033011665791,0.016841398553098293,0.05205229027361005,5.626577548767195e-05,0.6152482406042877,0.042747298925890805,0.00029457470249719976,0.006377792660049134,0.0023712584712443086,0.016602664006452286,0.0057786025671134,0.0023549864082850415,0.0037492790712182074,0.007151857025153432
29,0.2102765141965217,0.005803252421798275,0.016495134999277735,0.09023976607472611,0.029633143887898488,0.0014387781158764184,0.05363727584022746,0.0007625619545884825,0.0026359096221900604,0.003043541387237404,0.009448084153931977,0.002018361267159723,0.0014429480855403013,0.0018645866418407317,0.0007887004057399017,0.015743189299991644,0.004067678145116062,0.032624138687818625,0.002187359017564237,0.5158490757949548
30,0.0005500589777385816,0.08117080960730762,0.00039680852318972187,0.0038714097129654477,0.0022628756189625996,0.0004750285826111437,0.004303028214426606,0.5990003496381141,0.0002653235244301644,0.08482581660517094,0.02960210130458682,0.00035618743944021425,0.0005066310177457105,0.001177215900551363,4.0090756562834236e-05,0.00021836156782650243,0.006485248109958362,0.14243068744565132,0.04119691155866453,0.000865055894095453
31,0.09080781031348828,0.008270440365607814,0.0001912223392332837,7.471100825343314e-05,0.003743218509735994,3.739207598377797e-05,0.0007678713549278405,0.01571975823986815,0.00013986097972818005,0.7492099115202198,0.05429266910126422,0.00040150473707109736,7.198050183863015e-05,0.0066144890993781865,1.2819116410372024e-05,0.0006546949268511831,0.03647521163296221,0.03139300196285219,0.0001020515071712655,0.0010193807071540585
32,0.0030360789887377997,0.004715268293289683,0.006596109777023444,0.03632252824121308,0.11149703875287253,0.03470559366800789,0.11603837953390354,0.12149043294144418,0.3050892021268397,0.008662625223793977,0.05120427748867412,0.0023967180244030247,4.552267216977011e-05,0.0009560267151898901,0.010009867753278301,0.00264402259888319,0.003938914542319448,0.07761921123118752,0.008543584443305677,0.09448859698346303
33,0.002950659690518564,0.005594647226516762,0.006501472385108395,0.009204599250307524,0.002153883213802328,0.001235788676426254,0.033017502809260975,0.0037913880976663955,0.4476191873371472,0.08584765826344147,0.04402634637607792,0.0012244277237695577,0.001304963920960676,0.006872665484614913,0.21619380584471518,0.001000518307498794,0.0003788623039864835,0.012524497111001617,0.10503492895826173,0.013522197018917421
34,0.002205190545403594,0.0095129894215652,0.014605510291164012,0.0031935018635917745,0.05174882068825629,0.0022315248516412544,0.19782414871795145,0.05589996787760335,0.009974496632375008,0.0062916684425468735,0.005547303717908282,0.029033340473455252,0.010615100413788806,0.025797043983210297,0.06697163300698922,0.01637631269013708,0.015478267558488861,0.009786252667851825,0.06420008720163813,0.4027068389544333
35,0.002111962963847681,0.0020540779486314634,0.0019514094716121869,0.0025062562479986317,0.004000758627354038,0.07102386633317502,0.007912476392648473,0.005597627532753589,0.007944376356332597,0.0007319934089428044,0.0005619556960092341,0.0009930296273910535,0.00141296797306115,0.0026646852422180117,0.002386688355605732,0.3356727491546612,0.5484794462965137,0.0008255945161981566,0.0005469773113896782,0.0006211005436556944
36,0.002422917513530396,0.004664727693242013,0.00026571230693192555,0.0018904427194716342,0.04934499367990571,0.02927561298785713,0.09880584351134283,0.02658835627625549,0.0006579831762619572,0.017182735143081038,0.028164373267494006,0.008033883178456045,0.00011057440373136312,0.020564320975588482,0.00011973687368582649,0.24038033435779554,0.012215361131790394,0.0033286102984519824,0.14849964456727044,0.30748383593785583
37,0.05034973155195879,0.008497223801733502,0.001959118138261606,0.01466495926648619,0.051949334851549164,0.12955844476650202,0.11586717483713692,0.008951262183977788,0.0003098095259061957,0.026338658912642185,0.01697624539974502,0.01528716294087383,2.0556075905415204e-05,0.057557529509569806,0.018110314579552818,0.13220110353021242,0.037881859521421896,0.07694462643559502,0.07809396624970048,0.1584809179212688
38,0.0011578935672951398,0.00041925348614676436,0.0005172408040079526,0.0011966508927149803,0.0007321283739323785,0.00036276475403125693,0.00042667848613808063,0.0039047413247112785,0.002198323965922061,0.0006103980621919145,0.0002966599461399036,0.0013327253750092655,0.00041529716864586845,0.008454007883733307,0.9753163163119697,0.000833230014029721,0.00021765039323757884,0.000531551553065316,0.000600474301268862,0.00047601333580855843
39,0.0073439303809661695,0.11337665826068556,0.004711765523913526,0.0020868090912592716,0.012907068027853168,0.0049781278476879985,0.031016069628527425,0.12478280437778241,0.011528721662412828,0.020605979425606803,0.008798498610908416,0.08595038528764641,0.0033370965052545594,0.16783390455606875,0.025532645542747836,0.22217113049082857,0.0455926394473989,0.05124369184832889,0.043994691033236576,0.012207382450885868
40,0.005233293272223392,0.005296096494423392,0.008954551827880151,0.944439044054856,0.00028134349995288793,0.0007706445591024463,0.0005756571191952373,0.0002687742046666391,0.00989479471779385,0.001183033961424338,0.0006672980051491793,0.00046842740553601026,0.0019985102625092997,0.0070595933489392936,0.00016757764086617846,0.005015239040882519,0.0006608662967924412,0.0006266295316807596,0.006323686229672184,0.0001149385264536354
41,0.00029074970688855396,0.0014303411752389602,0.010540844279406129,0.0017518653898867132,0.0003944851892409142,0.0002926189452708135,7.094551482914197e-05,0.00025904462084263,0.9708992946572228,0.0004078808821262535,0.001860977536505875,0.0031033877709398393,0.0005105235806130529,0.0006224786558716872,0.0015179837632691149,0.000511224963400013,0.0002302578453074766,0.0014871144196820906,0.0036207357777361567,0.0001972453257217658
42,0.007917408347023133,0.03957360806602865,0.008128463001505009,0.00045901502696684603,0.0019329730323932592,0.020860340351792673,0.02256592100558617,0.001885724445796208,0.016973470488671132,0.0030168891234352286,0.006422750164258103,0.4228923501906692,0.00011674235584029556,0.38734076433566955,0.0009185455417880573,0.013831033766177255,0.0010180068913066857,0.03631642341063371,0.005982855707210813,0.0018467147472481164
43,0.03610909615925195,0.0016074629820304086,0.005536339953102978,0.0015860899885179085,0.0030297595084332637,0.0009586226879709608,0.02984085738634754,0.002166225570568071,0.000512114590841597,0.00407894039882868,0.005737969240744414,0.0009110898275683153,0.8355456825239469,0.02084826779816857,0.0012935607773471203,0.025705827068964515,0.00884895201340252,0.0011694782161976258,0.008782075881404157,0.005731587426362246
44,0.3926481678931997,0.0799020936226084,0.00040378787612775104,0.021303194484943153,0.0018134347133241771,0.0577764185953054,0.00649386091432441,0.08016832226189771,0.0018567382480024204,0.06976583602382433,0.2102504722626155,0.019254356337790116,0.00014131703663711827,0.005191682238775018,0.019800385247927973,0.022034342595677298,0.0035965618423557345,0.002477595779619954,0.0017921342446189433,0.0033292977804248495
45,0.000888451514975902,0.0642404004487683,1.2708167423743085e-05,3.462869539997176e-05,0.009889906182234181,4.55924241042706e-06,1.5490510842981437e-05,0.2967083765701433,9.030803746101743e-05,0.08370397908391233,0.019863919486270747,0.00010126770239180386,0.0011236326100004706,0.00011239291981117528,4.1460150507395195e-05,0.00019029823525694374,0.0960620049159651,0.4257333738500434,0.0009333021751019778,0.000249539501078753
46,0.00019162839623068317,0.00023471573829449784,0.000998584014471804,0.0006042408044326033,0.008169644692584965,0.0004620452290833491,0.00031333016407475813,0.00016431347762708277,0.002024733026350036,0.00042121473344359383,0.003782922424915131,0.0008830789027086229,0.00020927788281651117,0.00020195955355806008,0.972772137115401,0.0037391433252890777,0.0009311426855390536,0.00039750018200326637,0.002685228199792404,0.0008131594513835465
47,0.21755559082032397,0.06089686533451388,3.523990727097317e-05,0.0001714820346244871,5.782063876748149e-05,0.00222753486600579,0.009874111696873559,0.010100380271437627,0.0003823896641291852,0.023587692758816003,0.4907339147476579,0.00010880171494062507,0.0003596753050460061,0.054740100792375165,0.0002957484373671808,0.0023561223319985523,0.12515744620727293,0.0010394890111365142,0.00012902759211989406,0.0001905658673223003
48,0.05076370091916013,0.0060961588806631205,0.0012534305832218242,0.0023015151684083893,0.017677500739138523,0.003731378030648063,0.012929640361013713,0.008561493617153578,0.7170421891965266,0.008930911535416334,0.06408920699236478,0.00947466522463997,0.0008517763176443466,0.05950644232052054,0.006130119993058257,0.0025390378602935977,0.007113736207143957,0.007123073341519639,0.013036686553262844,0.0008473361582017826
49,0.00013257342110420753,0.002819952592951181,0.000990944098434074,0.0014937722352113439,0.00012221025645980685,0.0015475546293151417,0.00037522772130406677,0.00019219677706895782,0.00029828230876989044,0.00336449511380772,0.0007604403492244637,0.00014567157248993618,0.0002006767081698108,0.0004977886272651477,0.0006097499702522394,0.0003995749271621011,7.423950788962271e-05,0.0006942576224099231,0.9845185248508085,0.0007618667099018472
50,0.17668568748046706,0.01912990275208344,0.008415261276426037,0.003694967653301345,0.12778708101312022,0.05851873994935709,0.007312875718398191,0.03370738329144186,0.0007337698447746405,0.029248597378092305,0.2697614789331448,0.01862188854517023,0.00036485565243289854,0.09253103135082703,0.0006632855885548233,0.018851223073646138,0.009350579527405567,0.0023598136682534895,0.10999828996448595,0.01226328733861677
51,0.07325984656203288,0.04438710744483311,0.0008732824117193353,0.010454204578632208,0.021643665352079566,0.018368731554459717,0.01586774927950902,0.02210235909296384,0.004111365220568146,0.2489684575779574,0.28539610782071967,0.010621164605712597,0.000404690426891753,0.10492758112873453,0.0007376666332746893,0.03141435085419614,0.015134684794630591,0.03375399039968805,0.010975653006560776,0.046597341254836076
52,0.10185458498512845,0.013512252399349884,8.950644196664237e-05,0.012171081438332872,0.0049617048306813995,0.038973099591156926,0.005341034269103473,0.00014212477179828157,0.004836978390966643,1.921543495933835e-06,0.005755881206680646,0.04561560914085404,0.002732061442810847,0.004597777435371233,7.896005592057336e-05,0.7055841531119265,0.018856294051945006,0.027974328859251604,0.006629731081482181,0.000290914951777338
53,0.0779184315970292,0.02940274453316253,0.012580319873492767,0.0005971068981563681,0.001014728601482423,0.18389900091619685,0.049963959431583285,0.035234442795887284,0.08600363779053187,0.038020719138650814,0.24906341054176218,0.02859752750545715,0.0004232819982519875,0.05335355663723145,0.004189951362046357,0.04740037985177968,0.025434270390728476,0.003278485283088035,0.003752827036150323,0.06987121781733098
54,0.011990737871162055,0.04789123921255247,0.00012294873743686532,0.01533273026518542,0.13066712607575157,0.0017771884850914018,0.020400035125265836,0.022577538818265533,0.1598369640650424,0.016922649443275938,0.006185135548881902,0.11149763693748667,0.0032815135930617796,0.028177061811490812,0.20663185832861986,0.005987944112408809,0.013252942790680998,0.048252689457174994,0.010740684995982169,0.13847337432518234
55,0.02352732156795185,0.10183722092982966,0.0037843593336530923,0.02162010461050324,0.06615784929980058,0.008500940211202826,0.13067339344670081,0.020979308370948545,0.03791451126722254,0.11716375881838453,0.008860977047693876,0.03878841952675946,0.00034100962443183835,0.008050733030020843,0.05090822011428143,0.06977993423278982,0.03183866323918202,0.04024692096970201,0.05004904066761835,0.16897731369132268
56,0.008195347126012423,0.013499112751530228,0.0004258019269189808,0.0005981191779509545,0.01673064964625511,0.0004668509727867204,0.009420983969966856,0.009909569622049853,0.00025349857338517794,0.3040293837295339,0.2838886323159756,0.026964371748737438,0.2150233198198003,0.019899514538305994,0.00015078576149116528,0.02274029985153515,0.0206980694227168,0.04014808348806889,0.005024900151972062,0.001932705405006382
57,0.028994893708722234,0.0251970953863116,0.0001119122200042021,0.0005679161607754495,0.10514306316397855,0.11866254127109448,0.023207868959432127,0.22428577323275092,0.0016252359774477003,0.12479372497311038,0.1212216863324086,0.0008095912652641377,0.00018844269560778183,0.00335739371961946,7.199634512962675e-05,0.04563934862593211,0.0542850858767445,0.11038128323958678,0.0019976275125602972,0.009457519333519205
58,0.0486253846729479,0.33581091726430945,0.0007729727809786369,3.0591149282376254e-05,0.0004531320832994671,0.018129830198492323,0.0005484963689695124,0.02482949026242485,0.008093231028140222,0.0018015686381689718,0.0055524313331452866,0.004776163684692188,0.00035552041856618064,0.006994740096322359,0.008142884490563577,0.0704579386594666,0.219952925734103,0.24292444916063424,0.0014980063616699354,0.0002493256138228915
59,0.620544841867801,0.046491370865586135,0.0002682570828044186,0.008257512573661564,0.0003924706834387774,0.2878092301888559,0.001725223965286683,0.004553338093429009,0.00032907398079589815,0.00043212828883309356,0.004137698922187125,0.002647878266433985,0.0008795238793182236,0.0005917479702203975,0.0002992827207407668,0.008296676558561747,0.005140861712474215,0.0010741371770914758,0.003444275354054544,0.002684469848425097
60,0.018906851918088212,0.027682255308463924,0.01843802241548463,0.037439762793430746,0.03181488790533086,0.04580120266724607,0.017136513199827418,0.0030043418759005836,0.0032523223515415105,0.025629986081469474,0.1485737815014735,0.04997229066685116,0.0005192538164011297,0.10581537674601067,0.3173165450801403,0.02884990755001257,0.006220644496320902,0.04127690108950888,0.03529592260805389,0.03705322992844346
61,0.018072654777110925,0.058432619438896584,0.002193417423394001,0.030473118368030835,0.02565211667720462,0.060825775795356314,0.05710173188399908,0.003870237418088063,0.13416547799986553,0.01879591992678315,0.013529617654756224,0.03279015908871572,0.03376572463302707,0.04309788683147687,0.11770477427645422,0.05698190718748881,0.05864851773944836,0.039747912413248196,0.15748817965969783,0.03666225080695748
62,0.004832714205886283,0.007548745533118003,0.005459380018780833,0.0004694272599894634,0.026005268039569294,0.008750165988315418,0.022548427247263126,0.1913184720135679,0.2835581887910426,0.1224366311809166,0.008612748230431387,0.028340437852063,0.0050882618609078304,0.01459447739922388,0.1291229572359696,0.01473190716593624,0.006969685019181503,0.09867679149707176,0.0030422543895902384,0.017893059071175218
63,0.05352255705866695,0.2395005060710368,0.002296837621377096,0.0054290993366232845,0.002788842708361598,0.04541733830132078,0.01242065630379564,0.282046631816659,0.023154937896575283,0.18486118284633019,0.01772946775983588,0.0005346407467080793,0.002967378513909404,0.005584862146676213,0.038506943319690366,0.030076711909590312,0.01384873394732768,0.026155855800185174,0.004813758319836593,0.008343057575493557
64,0.1503906679298696,0.0363731125213714,0.0581691109652694,0.037351531588970824,0.009084936303536902,0.08811677313304843,0.03507413081837193,0.028180136017036637,0.013258620591606188,0.026493206050195034,0.08370511218379308,0.10826515355740679,0.06357374949494662,0.04464063211497225,0.0028762164261189782,0.0445909583981195,0.08586270744746974,0.04664634577101404,0.009959043958512768,0.027387854728369885
65,0.07129628402224887,0.0032957901608388677,0.043364978003265185,0.05153810693661867,0.01558941254213903,0.015335077722379947,0.039949822489202355,0.04853817278373467,0.0528264226844406,0.04546549746754245,0.09336840483303038,0.05486929139794587,0.03820400496840157,0.0796993042634258,0.1192521934489588,0.12394969982567004,0.036821659316413236,0.02786201504463458,0.010352951231833878,0.02842091085727528
66,0.06981893869837336,0.05071489663402375,0.01636408172836724,0.0005723982363868565,0.019781666425477903,0.012179871429480458,0.01692421726043714,0.03254025531550065,0.09933140180743165,0.031171279183933448,0.03400465361482448,0.010957616471766532,0.00267555626347205,0.013899668841898104,0.0481538397968219,0.019086973646866096,0.006542026330582939,0.31563131176947445,0.18720822148081714,0.012441125064063736
67,0.1293611202181219,0.21506692395651492,0.006977967531062534,0.0927448074529499,0.0486602293713277,0.0021182873467844735,0.013250745405205582,0.2277494092250053,0.0018141047155210246,0.03685428720942554,0.016299038073473403,0.011229189145076418,0.0012143969748928424,0.06109076929658462,0.0005263207918791778,0.02867705164287574,0.049625723270483965,0.0083195005593046,0.004098344225334262,0.044321783588176254
68,0.013807838871824771,0.14807941950284545,0.01910498167450255,0.013160528628372989,0.0019916415351641883,0.015312904817888962,0.04020280912475098,0.024926930723294344,0.09946321408871506,0.004536125321798187,0.2279941865951363,0.1513517424915925,0.07543348491558063,0.029659859198646176,0.02692134695194032,0.05017850800319909,0.03078213241488552,0.020433805977883697,0.0015108425959906675,0.005147696565987368
69,0.017111888875855498,0.05869184464705141,0.03536578104888856,0.03394104475279861,0.03163858368163672,0.12825677452529852,0.018853466778358398,0.01706116371516746,0.028124374310854343,0.028896780692485496,0.015227044618930834,0.20915181013622533,0.009965077376064347,0.018359322595473144,0.005635333039745005,0.049607397310239276,0.2558157118193053,0.023121677722853055,0.0035170197235601755,0.011657902629208598
70,0.0203800297998989,0.041075375974942145,0.028064315580951647,0.02863787462554519,0.034299599195709844,0.18392010217873372,0.03455767885624791,0.009103958341727886,0.016407837704715413,0.034271009426083854,0.028922462814373013,0.055326229904724696,0.0022675904208940747,0.0750663127714368,0.2726848126197964,0.026555060484483545,0.01853139105322369,0.02278029741286062,0.04617716178560768,0.020970899048043057
71,0.02326553981589547,0.14103334514160698,0.034211132246245474,0.005700582582435742,0.0011243796968074594,0.07615968143450143,0.01759226811303513,0.03279005184646802,0.0009569276986781184,0.011384892969631447,0.003031803270931652,0.2695415816034009,0.00021135012340495877,0.05421871186771641,0.0008520090760169565,0.06591646190630022,0.2360896892002851,0.02099227955008824,0.0039210261124899455,0.0010062857440601325
72,0.05150510562565326,0.043239180873284995,0.08620394513464216,0.036110285726924374,0.0177409359383141,0.05899734847251261,0.016041325706052312,0.048686433462716616,0.17216575791744013,0.02640443813518404,0.012821628538971478,0.09730892219108056,0.07442404172228734,0.043563745309956554,0.04028352886685686,0.029240118406621846,0.03814000391858523,0.07030961734359,0.0224733553699487,0.01434028133937691
73,0.009788774089957994,0.01596017532390692,0.02802898056877353,0.0012883752201851865,0.03103019300035165,0.0479307305704319,0.21189323947491814,0.04418683936469844,0.21730392337212248,0.0031462237674148956,0.04498658584089363,0.060061511528541354,0.07946898130683937,0.046375837068678066,0.05061815898175523,0.028259540181068656,0.02594085208323508,0.026667196319226833,0.01572578018745486,0.011338101749545823
74,0.02140356300502228,0.1556085225155317,0.01279308225010901,0.05513582458336344,0.017425496038262517,0.01861405563767383,0.0803268232108381,0.006005050962903641,0.019918444291023924,0.03661142807132187,0.06317945053329914,0.03132005076731014,0.0018908435678330522,0.010550509352892316,0.02661765848936257,0.021107847450789544,0.012405653110121075,0.1394000358153075,0.2545047293188235,0.01518093102821086
75,0.04014838049885061,0.030436191362331742,0.01418676074152976,0.02296037190794927,0.05856853818625402,0.026796618034153126,0.02968194184681643,0.1221091054270766,0.045004496182795985,0.07434882361094253,0.03938093142253444,0.1258430706922594,0.0002866154083506016,0.04156115732871214,0.006865781484807321,0.0315057141761899,0.027077297190161973,0.06132849820991016,0.07468196338402658,0.12722774290434746
76,0.028176668482544583,0.1662189708442699,0.0013343841692034647,0.03546653877530454,0.033841594731665016,0.022338578556837383,0.023751635771108136,0.022021292542864408,0.0015820633524385886,0.05761642591511862,0.0023650082472825543,0.01984691935360864,0.014762962628929706,0.010777838441486247,0.0063262940696865895,0.0569381160795017,0.022608952691545003,0.13731470972067653,0.2939986695909781,0.04271237603495036
77,0.013880552869752625,0.05948300853373812,0.0006320346631929002,0.00045072266705642683,0.5416341332205215,1.5028576747025327e-05,0.027384402534003618,0.04443909415175193,0.001097849107008414,0.04457084500205391,0.10084718199445526,0.043939671550123405,0.0024334228097063954,0.06614126042210212,0.0008759429304954666,9.669727223552221e-05,0.009256277525861136,0.02763280188350257,4.750910631941392e-05,0.015141563179372198
78,0.03894009172633341,0.02453215285180425,0.00011521632021351135,0.004429416742579879,0.10265054721698877,0.0015668370747311039,0.011271173248731083,0.02166032866258232,0.036675656015012575,0.2749347708902032,0.11186345988915888,0.0010659674994535323,8.911626817357762e-05,0.036591375696978824,0.09715777124577851,0.00320770732689687,0.007750763516776458,0.030584142230677767,0.12154558689589594,0.07336791868102938
79,0.04484958915027024,0.017894418302487697,0.07536030783631815,0.0026267005799211055,0.026324350098592218,0.0878391881872485,0.0323475220102577,0.04061211814040235,0.0688229643807692,0.05127122473912026,0.0306906417792429,0.03964304886486691,9.365975327234244e-05,0.012374658358352235,0.14915861570966932,0.04793527598677771,0.026693484969783132,0.16417253587365724,0.06942455329614299,0.011865141982847762
80,0.035865160891238784,0.05885086515577183,0.0015608349802066505,0.007150768013650953,0.11038603825265533,0.03245290981370249,0.08978658492664694,0.05877811801761483,0.1437043341867744,0.04086627673976439,0.05389978764671422,0.031061471245330444,0.012640632661331903,0.016015330360470568,0.07698218907491293,0.00916876655921821,0.03185313804992656,0.031422144128431535,0.0313143576940313,0.12624029160160563
81,0.022212845572172384,0.23251314591332778,0.001540087807960297,0.0013989555463684463,0.026358522215855627,0.017073175947436754,0.028398439603573848,0.05277943328154329,0.07072441541384829,0.009044982139236307,0.06284103763811769,0.017962306896734014,5.7583799637081106e-05,0.015089202633467903,0.092286053872394,0.017111773982867916,0.026181023341889067,0.026647890006700387,0.21492203717695008,0.064857087209919
82,0.04152061517582357,0.03060174323466948,0.0013790992934061492,0.0022124834147523916,0.010561396142073567,0.05469740534289822,0.010507873877317385,0.024748353544204852,0.36630602402944856,0.006900180870175595,0.007788536952695577,0.0316931221381058,0.01129424335454734,0.022702336415547808,0.046129518703405266,0.1258404139066067,0.04223183067125721,0.05032663947385089,0.013835896562062756,0.098722286897151
83,0.00013599241164384142,0.0007408948893247077,0.949509337937479,0.000965756855938154,0.0001390647067958501,0.00208726037983573,0.0006566421820744933,0.00010802065349786282,0.00015223915641270639,0.00010121817788457802,0.0027905493393280017,0.029821044702475142,0.0003528546587326019,0.0019539645189818418,0.0003632167789127185,0.0035086700872770968,0.00021713429355370986,0.0026535862748857664,0.0002498965635432252,0.0034926554314230144
84,0.5624876586307255,0.01674542430702975,0.00929141590085837,8.937393753507912e-05,0.00028258037177917493,0.009177023492339417,0.00034273933029746483,0.0010042132882457939,0.002586611997310304,0.0017204174430501644,0.00417188738331326,0.0009185288321764633,0.31297034547762836,0.0006393564138156401,0.00045217883443084784,0.06314334742531497,0.00933631674917419,0.0015756358591384454,0.002766517693927364,0.0002984266319095753
85,0.4483681017961194,0.008040290903718265,0.000781100833790441,0.00850089527862739,0.0005065465483254431,0.5005761707777501,0.00028418380230068186,0.005360456339022505,0.00025125726959620025,5.184106138507163e-05,0.008397793540350161,0.0011631048562684469,0.0006745881867490542,0.00011670394496129972,0.00010174928485031397,0.005063760748308979,0.002259534988987206,0.005671763687506226,0.002980505855016876,0.0008496502963659783
86,0.02720845588155008,0.10940063062571122,0.0002191139770064528,0.00020128402114226145,0.002269111242177392,0.056342000891404294,0.0028214723026186404,0.0026142253012700948,0.0018767488919623286,0.0004739088764960738,0.0030908033104479872,0.15262799595050883,0.0018730731084441495,0.08137187930463592,0.0467614738507807,0.39645361435419263,0.07904418952248447,0.02933175029466089,0.002591277664837446,0.0034269906276681106
87,0.10720646797412293,0.01384045985522329,0.060462634853309494,0.06004781102890592,0.02162286229125748,0.027711395282160812,0.044567206557193866,0.005458763530819532,0.02927895778158017,0.09199383145590546,0.09837718462497254,0.009940463594672605,0.002406951365198314,0.020873466927718715,0.1084409241453285,0.08308799998158975,0.16094711331324188,0.004181589452932271,0.021215849877475868,0.028338066106390565
88,0.001754368236809959,0.00693372344434601,0.0035046961530380426,0.0020210365359747636,0.0036025398947992504,0.0018663998916647055,0.010799803540510737,0.0009680300304144597,0.2487889642801609,0.012663206550481037,0.008765140237743566,0.018426378660132553,0.00013920421277902284,0.014754644125661619,0.6309117132749776,0.005870430752780329,0.000907971123512883,0.00043702568734424626,0.016468632819453863,0.010416090547414457
89,0.03750858808607781,0.10281690054825425,0.0019084100829113565,0.007524698324127994,0.17252372098290386,0.0805412238879135,0.014130355586920882,0.03911638021511809,0.025075640280633117,0.024595066685266852,0.03988865261790856,0.028599584178423718,0.03305282104792092,0.008836649048424135,0.04117409932800324,0.09795194047838941,0.03192003317864962,0.15703334580373257,0.04627047895192519,0.009531410686494799
90,0.008502321795623156,0.09196875311809517,0.0024275228799707908,0.0017634894837107514,0.009999348572593802,0.000607580928694831,0.030161069352107894,0.021644702532453083,0.381018762623186,0.008860555526394873,0.21267840234788815,0.08883287333717432,0.00010218376558365046,0.03337656426802968,0.03215253155219609,0.0016697050797140752,0.026359826397848857,0.012471049257168788,0.034386741458228086,0.0010160157233378795
91,0.006251571320811515,0.08461399175202272,0.0008381315321920621,0.06137944352631603,0.0013567189918698627,0.09258711039692397,0.010183465790884739,0.08743046701271955,0.0022371846216880553,0.061829623679839525,0.052727310402959776,0.004695483943039805,0.0005948708573025489,0.003007517173106091,0.00017302533965736223,0.05878243900051513,0.03958736055907046,0.42035476393788634,0.005927507747694375,0.005442012413500189
92,0.09694771623679492,0.11646584668844247,0.02036278220461798,0.005902116728368525,0.000488107220466889,0.1281484742895218,0.03766134918088634,0.012237477400864406,0.010459052923466881,0.0011451601268007918,0.016254103553980652,0.013091342948733927,0.03531887713888515,0.028659543045685024,0.08293910785766281,0.314797479424923,0.07320710023756112,0.0010245070215446617,0.00368066973410793,0.001209186036684709
93,0.019348543559772967,0.006108979114853041,0.005791061651086513,0.0012272218684568406,0.01418044943478462,0.15406838172520465,0.03332039512092991,0.032824849614773256,0.043749987217866666,0.030819554846034488,0.022216337696087437,0.04381730009571011,0.13030842521189154,0.02460203183932355,0.0009178690845316539,0.1943809268497904,0.022824441845958866,0.12185876577117476,0.030616584596273748,0.06701789285549498
94,0.006758718179213551,0.1612583170724828,0.05992188063345469,0.03658554057147587,0.0017961132192596554,0.0093078547860177,0.027189365467982955,0.06387065421913776,0.01680458123307474,0.09962532421765695,0.0372122849616319,0.015108692039082416,0.019397839985127712,0.02920788475453441,0.019868418749481864,0.06458741998362122,0.04920494499824865,0.12657711430143087,0.1323214405638523,0.023395610063232035
