site,A,C,D,E,F,G,H,I,K,L,M,N,P,Q,R,S,T,V,W,Y
1,0.03577883432370447,0.014680407649337172,0.01468663816690348,0.02099048772973022,0.028332807906029777,0.015091548668491115,0.047456022158651634,0.04864103126955499,0.04291723302899996,0.059707979237197055,0.36217269971545546,0.02006158542228598,0.06458616916344101,0.029761838448116845,0.0067071420040688305,0.04092683747108044,0.05216742412897432,0.04092368776614511,0.026829110033671142,0.02758051570816099
2,0.030416378170898945,0.024998403760274502,0.05187055961137169,0.1558806139328717,0.01817440907461584,0.012343615898149071,0.108912006591241,0.0228339028603475,0.04321878641870817,0.030260782454017088,0.09743346074237545,0.20893500876726412,0.009265130928976649,0.010406534094457182,0.01143506305112133,0.01070836560465052,0.01313398620903211,0.07623511958634853,0.03668117409164779,0.026856698151630776
3,0.022866552552424025,0.03301540022252325,0.04207110767493114,0.016104386930074325,0.03218712525622725,0.029545996336913,0.06936322079154321,0.05135149971508616,0.053438800801204916,0.038141614499698114,0.0696762920804838,0.029146851079496754,0.019087095553572162,0.03193547983509884,0.29502600674086793,0.032212267321074746,0.03335818650277202,0.03339366498067083,0.04360473250568211,0.024473718619655447
4,0.049469888749469955,0.046981447512475745,0.01206924715132568,0.07800752432970802,0.021535595234177807,0.07287217682838576,0.09172852102651692,0.10172950325131602,0.028603568436747637,0.042613670672193786,0.034871584526327264,0.06079565626214289,0.012129834091034498,0.08078860196096659,0.014805487516304358,0.03299905643277713,0.134262157009336,0.04833174256644194,0.020810503102121493,0.014594233340230502
5,0.04119053658161059,0.08148641976350922,0.013169874347730736,0.05158338487503376,0.07077560409179158,0.05032129722487511,0.027919876753592573,0.08295395526901685,0.10557383211414495,0.03788272778329521,0.030203749583824685,0.041822215615127785,0.023299717380114177,0.09657965987059176,0.03546662104725536,0.05274239208704701,0.061394030168458284,0.04721606022648319,0.022128458696340347,0.02628958652015685
6,0.04233681054487915,0.027870180992879783,0.009249094622614093,0.06719268326588844,0.02760387542284762,0.02042624543661034,0.0652994491873105,0.10749458669045044,0.0629990089711037,0.14713641741408004,0.03049187211126563,0.01773821500741158,0.017629869464676703,0.08035548953515355,0.05681098237005295,0.027650115730537522,0.05425446737695914,0.07294041496709584,0.018125469946117936,0.04639475094206503
7,0.06687865467312377,0.03439731234381693,0.01995529187644857,0.020666307027871034,0.08565647084698262,0.03233742921669303,0.028642623663951493,0.12950077106640442,0.017581813646804906,0.1546318383070597,0.04742141000311087,0.04371383367936298,0.014576460308724235,0.019743704668098383,0.012717924736026572,0.0449762431660895,0.07418303005798038,0.10847994467225902,0.019926060593892025,0.024012875445299505
8,0.0277350324005457,0.08715487369804993,0.021351350590266226,0.029012335782697643,0.0421083690220665,0.020717268207107422,0.03561172531442123,0.05387799578854959,0.04330342623665837,0.06653733402820979,0.061562163253292834,0.04168271909660834,0.013018636755346036,0.03909891612388398,0.17397658720074285,0.02409265891849341,0.025289541654091308,0.04882221414795492,0.03540060191978638,0.10964624986122756
9,0.0646735552893176,0.08487101117041351,0.10656749030388235,0.10591887519119343,0.030631122204137228,0.026987372405105944,0.020171268730227492,0.04207037485921896,0.08090441825446662,0.010239071454206631,0.0625172960056334,0.10123635885059061,0.005189273112197315,0.01854041811361827,0.02088496626032767,0.04813920125267343,0.052439900912546744,0.050517304836822825,0.022065783811897766,0.04543493698152218
10,0.041084237426807384,0.03522179809237965,0.024017298671364668,0.029937836930095562,0.07759356751941125,0.03598375876426416,0.0673131249375134,0.0648162402961976,0.06273246912404441,0.04165288767162135,0.039571548472333996,0.02168379199583541,0.01969203472683756,0.04481453377681329,0.04321619014729646,0.06460565743765008,0.06608195245426299,0.10120472011006809,0.057584677599809224,0.061191673845393535
11,0.024413812815039387,0.06047265180662131,0.008959917195509322,0.012419507529379802,0.05777961590238311,0.018306278378910867,0.06112059529411575,0.16126129842357392,0.04264061342301139,0.08527419783332892,0.06485426479969662,0.017977858388583776,0.003010432973402741,0.043575662851790514,0.009708210396601538,0.04132388853581027,0.06529007241164297,0.10898851500920002,0.02616441405069504,0.08645819198070266
12,0.02860225448379339,0.05092481105538709,0.0324238813511453,0.06785962731245065,0.03850732607791881,0.02368274901522988,0.054010298889525764,0.12454003837004694,0.0029800687866655498,0.1046310170018007,0.15374588084953347,0.013023048555666343,0.017336345151826228,0.06875818913128773,0.03156933036221995,0.07444897761569846,0.041736824843665345,0.02249049797020994,0.013233345994067051,0.03549548718186138
13,0.051168042915791544,0.027415778268980635,0.07112936839117698,0.07165421221742767,0.016097801916717256,0.0415697809315688,0.04570700989744587,0.022201485981726388,0.06638496239251367,0.08251543980841897,0.1275526067883613,0.02883633213822349,0.023609665527925105,0.11860276815068321,0.05096844416633144,0.024335674317817274,0.020368258263165028,0.029933316601392822,0.046605879378901795,0.03334317194543079
14,0.07801149669196554,0.020705107308321747,0.038242315515244894,0.0425730254605298,0.04372044598619784,0.006868954482520523,0.010482835104936035,0.010100300584689657,0.01856295549891919,0.011880535766928305,0.08816004282630653,0.032366292216248135,0.07175716833765665,0.019906746700185027,0.03542014971217857,0.28006599451612163,0.06768021122408067,0.03804226080606574,0.03400284718111083,0.05145031407979269
15,0.08336681765441922,0.04518966568494753,0.018793022898510932,0.028411339023448404,0.018702943128726352,0.010217603203502424,0.035834469216443156,0.015388325139470275,0.022995456806435898,0.04907177552909925,0.040342308192581514,0.02352762176580538,0.01860998101555192,0.015536878847280828,0.4267901929742816,0.05028489017986654,0.02013687353311491,0.017265232402550384,0.02388353662708907,0.035651066176874406
16,0.043724080319604286,0.041126997166112185,0.017889116623467812,0.03354468677116154,0.04288102334352023,0.028045692219694995,0.014845030854782401,0.08802368098577253,0.022838977977375562,0.04738410497494236,0.09122837622686904,0.06346035266078312,0.045263976510527014,0.1272210577133352,0.04292650657941711,0.01893033093138236,0.08378634598550494,0.06824881104169345,0.026898297544592522,0.05173255356946133
17,0.024642039258818485,0.04542343564317147,0.010141753071751025,0.011029243947983861,0.016255234520128153,0.049352223054352266,0.07959809601651639,0.00925881640224694,0.03430954385079649,0.05021955337755599,0.014331064178281857,0.09578234988365934,0.005014331004190876,0.01144494007345606,0.37978626396062,0.047988860281410424,0.01372418389401799,0.014078099248847231,0.06541104247516347,0.02220892585703163
18,0.07632009529982459,0.02012715372656382,0.05023940404292856,0.22695528870472895,0.019609900731588872,0.24355044594609998,0.022968089065343603,0.010795293055414261,0.05067203688932761,0.014355647462369342,0.01972182136768547,0.01185907597884694,0.0036553287615548116,0.021303256652608776,0.04752828824984618,0.018852616440828307,0.021136919960697997,0.0425495376335048,0.06505061857606058,0.012749181454176561
19,0.01638666123842619,0.05638661672268589,0.02106111625808685,0.04541960998692382,0.02635182743537892,0.0104220502381549,0.026436586631983835,0.24959316754485597,0.03406037286653461,0.04807021813216045,0.06877658211337791,0.03482878898284729,0.005420375761610295,0.02147855894794745,0.009103083223912753,0.006860694807478734,0.09665627196860817,0.1725391416519215,0.034009987094111356,0.01613828839299312
20,0.016555247784981738,0.1120445179646103,0.01369522501670869,0.008287022111895345,0.05205282378360868,0.01721196224884809,0.01935804256659786,0.21179939489632138,0.0095487448528648,0.21648109534146218,0.13696071645560637,0.009179887064863368,0.027221790764369355,0.025445943746141952,0.011933672819752605,0.006404695746053554,0.007676105434303583,0.07161383699458852,0.01450887918311169,0.012020395223310026
21,0.03439731397549987,0.04494219208652353,0.0681682257505911,0.02999709740037276,0.06319427760065834,0.06501999696282437,0.07015790699002783,0.05131477513870408,0.043977345687239176,0.10203047496903676,0.02212287381597729,0.07934406390927813,0.002175713990562071,0.042067868027475835,0.05983702682231989,0.04136242286725734,0.05598157081866275,0.04321586247156039,0.04384272346868231,0.03685026724674623
22,0.04635328394250469,0.02553614737779121,0.0201688894988117,0.05218558279683296,0.02633894249930585,0.031670336801541334,0.0459263752331936,0.09016231194436874,0.09421935412323934,0.022180849069530745,0.05467423493387095,0.046119382045445835,0.006913403168053992,0.02612585357754813,0.09553025381485401,0.057246021799675105,0.06870457283790778,0.08597361443398292,0.07504876604998721,0.02892182405155393
23,0.01659808124266657,0.08039342525088838,0.009484466317522465,0.026966389742250425,0.023180406310784826,0.015849423853362823,0.019988677325681724,0.0917674235147748,0.011838758216640996,0.004422634263066716,0.05457739441809917,0.049626677520749625,0.010296101510392317,0.04000459236142654,0.10686457450793883,0.024837334287001172,0.19210257107603987,0.17009883954737592,0.031687995825580816,0.019414232907755933
24,0.06018205314073851,0.026232214230428708,0.01527661059186867,0.0548830698898603,0.013698963071884935,0.046184799876559136,0.04362315982632539,0.04746790984594965,0.012656408802462953,0.01946307872170493,0.04613467113433564,0.11377648646649241,0.04867664747483332,0.0830877271464302,0.01750276084205187,0.06592185758530923,0.19893009539547046,0.01879220229895676,0.03152627650523357,0.035983007153103395
25,0.027933816324118343,0.038210649380186375,0.009271939461741726,0.0116569708977146,0.014832705482658368,0.011241185813476629,0.011272973869843847,0.20896055507566932,0.009428518066834672,0.09947014726217396,0.05541754629080845,0.009823470471664835,0.01432193351517879,0.03154045646197087,0.006898780840259573,0.02827890412231636,0.10653347048527988,0.22262682937143888,0.03355099063917314,0.04872815616749141
26,0.03280133981384376,0.023415895861301318,0.4569242543717061,0.028381182716005277,0.021300836014554295,0.022643332283239503,0.021675604948226717,0.0358263884111771,0.02062023764454669,0.01686816148443197,0.0263021068354769,0.09119669815329201,0.033252737457123906,0.02178468199838432,0.011633738756733611,0.018222090646142875,0.02051379841931782,0.016816846728440582,0.030940119276727577,0.04887994817932764
27,0.047709476304507496,0.02101323617207636,0.02496959993315162,0.018800432359546093,0.06111625277472155,0.01711417245725039,0.28368888441507484,0.04574919160534061,0.025064485044401008,0.11736525347215276,0.023809297644120306,0.05208357456404341,0.02290136729946143,0.0186679158825258,0.020468050801310794,0.022106208430681295,0.04112733468679323,0.08448206804759145,0.0223140056891425,0.029449192416107047
28,0.025278503012524756,0.07608530805522801,0.02104785388167209,0.012199607117623967,0.05312673683255628,0.12018166734760287,0.03324474898759093,0.05108198855856233,0.07919012104785894,0.005574652763782923,0.20673374835970149,0.07335667922399557,0.010605990573948598,0.03502854302418494,0.023849234033619566,0.05079942186491376,0.03371122600469669,0.023785514110594878,0.028495719412319542,0.03662273578702189
29,0.1322421397575192,0.03277982997118014,0.04918993838774144,0.09519783736065601,0.061762741487571216,0.019067042234017857,0.07777611129794426,0.014899050873750486,0.024123586539061964,0.025509679965450675,0.03961389395709288,0.021746986015377917,0.01908849392411839,0.02108760843068802,0.015095429562036798,0.04830626430016561,0.028552687693590553,0.0641138790491191,0.022437112414863902,0.18740968677805359
30,0.015248541449823157,0.1061559175369974,0.013431480962984826,0.03254551146311439,0.026416959994747066,0.014403998802934984,0.033909903240324224,0.23077991366957473,0.011487009655980929,0.10798813954404185,0.07173621014533181,0.012879557977900156,0.014768997759878904,0.020493517922729427,0.0055122504214991765,0.010649705552242898,0.03976893283824649,0.13207616237287054,0.08156591539227544,0.01818137329650159
31,0.12417082625465166,0.048946127048284126,0.011326315644131738,0.007861564030170276,0.03597114013935106,0.0060077958677952695,0.01943851226884156,0.06281824279426702,0.010030211051066969,0.28190242497551904,0.1016785083979896,0.0151096392321439,0.007748658962052578,0.04487644570003057,0.003963507243352611,0.01827080080541602,0.08711909297270197,0.08218543513454034,0.00887420225273517,0.021700549224958555
32,0.021828378947032614,0.02590035136232007,0.029508422491309225,0.057253572744115265,0.08852178302337103,0.05624951883160967,0.08990556924182497,0.09152379710092251,0.1308883164653096,0.032804463142695195,0.06542504041651095,0.019912282964870884,0.004268854141069147,0.013932879367383327,0.03469958884589272,0.02068669582611303,0.024151824150013563,0.076901855709109,0.032628574807318685,0.08300823042120851
33,0.024474927509183186,0.03138163796685809,0.0332677065231513,0.03807922442743907,0.021657616888596173,0.01745288286124548,0.06254901175667503,0.026978892436483045,0.17222621567655882,0.09066796917925762,0.06994784148648213,0.017390367572652155,0.01782614990611231,0.03399316880748507,0.12980715909550453,0.016077984645205833,0.011024831099855739,0.04291962906539674,0.09805981986996075,0.044216963225896966
34,0.018978538788836163,0.03349103489013535,0.03956148378526732,0.021915249799166082,0.06467316530091803,0.019066275960654314,0.10889181289850607,0.06664140643917141,0.03411317598305132,0.028521194669463932,0.027159478992378916,0.051665659893389754,0.034948239808920756,0.049346905632261163,0.07148841284890493,0.041360161733082296,0.04046370872034584,0.033861582148801306,0.07032408641812861,0.14352842528861642
35,0.02718727034261613,0.026895294348015672,0.026364791282309796,0.02905685030206105,0.03484699613098118,0.10654668251227915,0.04541883925662543,0.039704235369753337,0.04548989559480989,0.018012443780703113,0.016254271984695926,0.020278473976966967,0.023256604674756747,0.029757151239142687,0.028510193028582983,0.1948082580975575,0.23575394094754218,0.01887456812917277,0.01608455322525573,0.016898685776171832
36,0.02147579020861828,0.027700070923026787,0.009098915381996526,0.019501831116506864,0.06926224843822919,0.05654609670323405,0.09070964331782123,0.05446988769378484,0.012941767252085139,0.04597181833660772,0.05570228982401972,0.03421466477222474,0.006472237406198053,0.04929530148967139,0.00667555186451235,0.12813591285774692,0.04026401871475587,0.024296110918471447,0.10626760044589693,0.1409982423345919
37,0.05880967269325604,0.029459443680631078,0.016658942729368124,0.0364172718684719,0.05952865735987908,0.08490391802360497,0.08129840209487642,0.030061323951346572,0.008136711485142783,0.04572095806964638,0.03854806834347712,0.037009977147236854,0.0028359699589101707,0.061947564731552225,0.03952885243294486,0.08557263021822242,0.05265502581104378,0.06934393578299708,0.06974455344734685,0.09181812017004527
38,0.032216889209259206,0.0217103939036366,0.02355633965770387,0.03263165598883216,0.02696091900810689,0.02052333955177406,0.021858979021436242,0.05166510049275874,0.04132939548249582,0.025121812006277496,0.01898032888303622,0.034026075455581485,0.021630564437774114,0.06974888548128061,0.4412821865493459,0.028350540843709197,0.01682855337879109,0.023807450638473088,0.024962330642199246,0.022808259367527978
39,0.02821227702476654,0.08170373047280814,0.02374385058534863,0.017303264650569496,0.03512275210156226,0.02425661236078526,0.04937698197814405,0.08480408539323908,0.03361495768677405,0.04212348592656381,0.030264249464556015,0.0733687689827769,0.020765562781904563,0.09515468196050832,0.045782273201465745,0.10610994323582583,0.057349356858618646,0.06001291497295653,0.05655988302788131,0.03437036733294486
40,0.04943160026147614,0.04966124097829792,0.06090267555889058,0.3721184607026011,0.0158764054649824,0.023484385266341095,0.020967968569573475,0.015596966938381508,0.06331172298652187,0.027739664225572964,0.022206637696006448,0.019354173023473264,0.03400735317147204,0.05552841037086451,0.012981505294071086,0.04862093634076948,0.02212323167749956,0.021670677002854705,0.05320346407024531,0.011212520400104571
41,0.018615504488109575,0.034570525475226176,0.07511557340204185,0.03740419176134068,0.020958459008760314,0.01866191241739702,0.010761284224618186,0.017798857823942995,0.4354288132388246,0.021232153613908233,0.03829265088388518,0.0467095584635463,0.023166947562148748,0.02502214475950798,0.035378605433622874,0.02317930843975261,0.01700258409844625,0.03509732080011192,0.04959318206045493,0.016010422044353663
42,0.03832851034368185,0.07162008551977563,0.0387222902635734,0.012676700502561417,0.02216171416526769,0.055845864419580095,0.05757741527370214,0.021949650436251727,0.05154635399539712,0.026346264938537273,0.035336164356115106,0.17978892480297778,0.007447104503416656,0.17375837574937972,0.016598156485217605,0.04760488257483524,0.017274587555978858,0.06926944366701333,0.034375407430940454,0.02177210301579689
43,0.07953310491426428,0.023738887798821193,0.03838241058837959,0.02361575243644466,0.030367543853942604,0.019419507167756696,0.07385427909371946,0.02665626160334944,0.01522121408781211,0.03408662487766939,0.03891958736188061,0.01903956205788358,0.26954976810987463,0.0642488906471589,0.02181730188704199,0.06969584064832135,0.04605360256063593,0.020979035906767408,0.045918060888311574,0.03890276350996466
44,0.15492179697473898,0.08345759832316173,0.0106966019270418,0.04993512349312787,0.01917353747835764,0.07357970799391755,0.03147369712629844,0.08356552881742381,0.019350143383175825,0.07917271797237334,0.12153953442830644,0.04801131394981153,0.007113651818384609,0.02885258474939914,0.048535793645919915,0.05059413365870919,0.025017574373783994,0.021645071225083762,0.019085720255298828,0.024278168405685613
45,0.019828880768213698,0.10462646196768023,0.00380747093524916,0.005620616716432551,0.050572750735755796,0.002556626265301738,0.004111908279398498,0.18959526406815877,0.008156894455386823,0.11595733906274219,0.06631189714217464,0.008528095348555986,0.02172323573491287,0.008880552377117623,0.006027884215344369,0.010896698856740062,0.12233041036175173,0.2181483376097595,0.020211952693011608,0.012106722406312116
46,0.01594258912861498,0.017249694403482858,0.03027645033297818,0.024907939263627443,0.06851118830810884,0.022442138124493676,0.01929862025206414,0.015017937343548886,0.03984527571164099,0.02164974419124833,0.05079802275349549,0.028864450432384225,0.01649777298395935,0.016271181111573673,0.43880667923897754,0.05056880237560293,0.029464967099972216,0.021167762808251427,0.04446473608279,0.02795404805318484
47,0.15576237529901543,0.0949763727577269,0.005244804932996725,0.00969885014295564,0.00635743295974164,0.026265671275324493,0.046842489329727684,0.04725665439089851,0.013244637412310403,0.06570172540969617,0.2136586540548834,0.008127435923473113,0.012933228160123373,0.09112359041338562,0.01198633931797031,0.02684468114772059,0.1256525959578042,0.019533658591520505,0.008684061861907079,0.010104740660818208
48,0.07836734216893686,0.034394997068904365,0.01860342493828346,0.023557597300911014,0.05201604869056085,0.028422738531366735,0.04606400964911384,0.03924647859434769,0.21925031055963407,0.03989594413700614,0.08579590216181447,0.04082268301124555,0.016010597820757963,0.0833580956599997,0.034469317171598894,0.024473936632729943,0.03652101510106525,0.03653963202898442,0.04621180957544426,0.015978119197294555
49,0.015171572637495941,0.04976383054710474,0.03314719284746378,0.038877320218462776,0.014699296876102032,0.03941529234649393,0.022729138416945533,0.017526545034419604,0.020790229508922668,0.053297332230562065,0.029906950197491428,0.015737239964752667,0.01782303131849823,0.025367340454806403,0.02744776566546726,0.02329115921555192,0.01211129757895832,0.028867418034423446,0.48410131404554635,0.029928732860530865
50,0.10411293510949622,0.04389189191916332,0.03190195443541135,0.023170471400247066,0.09179796364557703,0.06777150063126813,0.03020821171544095,0.05469746786991938,0.012364248757178497,0.05176378950892541,0.12271792518313397,0.043435294411371846,0.009424817455761585,0.08097695615809583,0.011888501630844045,0.04364234881718612,0.03323537816972609,0.019465943851695203,0.0866042909194689,0.036928108410088964
51,0.07283355160223315,0.059949284470586645,0.013029079478948566,0.034182279237305484,0.045351501748760646,0.04255085961958396,0.040198693625367675,0.04572253757981402,0.02378637538063086,0.11715169055804502,0.12353493129872051,0.03439335500550563,0.009663460512751515,0.0837435204328778,0.012202158470023025,0.05241488277507728,0.03946669825274939,0.05389836273319667,0.03483487679574287,0.061091900422079265
52,0.11069067025743747,0.05049783874402203,0.007189805114857795,0.04848798347107691,0.034215668346696114,0.07620976369013764,0.03520917081896909,0.0086047800286613,0.033878888080932666,0.0016164837565447645,0.03624747262940609,0.08101510630060478,0.027135724746790397,0.033217835355817224,0.006847987142008811,0.23479898212985664,0.05747831876011165,0.06699777518266785,0.038293691487451924,0.011366053955948857
53,0.07207121747182445,0.0493532804143255,0.03548680000413399,0.010859113710310765,0.01334356192761218,0.10061426655021417,0.06064321473284393,0.05294762191796352,0.07488945523516198,0.05453665272573457,0.1131985119089327,0.048823690439146326,0.00950034721291687,0.06220966037410159,0.02314999650240182,0.0594147950366439,0.04664991947259011,0.02104547327887214,0.022179903160580928,0.06908251792368857
54,0.03495010121942719,0.05985683770853517,0.0058968052559542836,0.038453252517512325,0.08840515249372294,0.016646163762770592,0.042965030178350405,0.04469183113174951,0.09560444822274544,0.03995591756946867,0.02702387466217851,0.08312040720602139,0.021124929745882055,0.048709320266149415,0.10563476830535205,0.026685812950980232,0.03633594029390511,0.06003195559250702,0.03348662174330655,0.09042082917348114
55,0.04194326318988747,0.07411335800276446,0.020622118152810683,0.040587984741678046,0.06267801313696113,0.028241734599253072,0.08165196927588543,0.040116286572382955,0.05048684707872675,0.07826232867741921,0.02870057400272943,0.05093582855238432,0.008095295234586236,0.027650935465762444,0.056611303147533744,0.06398959321939653,0.047174583283572304,0.05167157745224624,0.0562381576314566,0.09022824858256297
56,0.03583023770936495,0.04349693469382362,0.011356345593809727,0.012959187131314144,0.04727945989929633,0.011769780351850605,0.03782395436882293,0.038574335861579385,0.00928387707466583,0.1458770878346983,0.1420435519647013,0.0569122611943344,0.12750894680279642,0.05057551057719701,0.007587021653397163,0.05326684508268716,0.051354583455806756,0.06643127903904768,0.02962856422874209,0.02044023548206425
57,0.053497058925127766,0.050657165459484586,0.006174997062058333,0.011606673539309538,0.08824620362406492,0.0924925251084417,0.04906417325667861,0.11844869840079479,0.017463152732635424,0.09432076266149109,0.09326249060602197,0.013320916056034443,0.007560692609564559,0.02314955581787828,0.005202443636772381,0.06380828824245911,0.06825733034170228,0.0899289970201163,0.018920565481253006,0.034617309418110934
58,0.07631165606994679,0.16168019050175292,0.015266662032667811,0.004353168675645671,0.012405917738370758,0.052013741565932754,0.013361554056539798,0.05877343727896376,0.03802133135842,0.021209152859456886,0.03284346070926195,0.030976871878047152,0.011289985180429013,0.03592641360211004,0.038111793262622116,0.08813939079586473,0.13716987463596178,0.14256747636171943,0.01974184364286451,0.009836077793422092
59,0.256220519056987,0.09361877972399162,0.012633272960101435,0.04783688944952838,0.014646122046343232,0.19009645323504687,0.026035247153788837,0.03795951475989992,0.01367712642344831,0.01520426013627009,0.03657371745308361,0.030750240860691197,0.020039133383031718,0.017179434529307647,0.013182046509775771,0.04792491230935303,0.039792247956858616,0.021657482162398895,0.034057948368899464,0.030914651521194336
60,0.04031662282678592,0.046753880427709914,0.03992521663152295,0.052573405206522615,0.04935101130976116,0.056856407602525603,0.038805672330249265,0.01972876861289036,0.020346165126303203,0.04537536800359356,0.08981381384001541,0.05881473763269108,0.009974639493834358,0.07871844752047118,0.12060994034603767,0.04751043664127455,0.02617631994997502,0.0546046511176023,0.051382643209104066,0.05236185217112982
61,0.03658123821909758,0.05771195581189981,0.01612146001566071,0.044813997271627375,0.041913522361632156,0.05861904627481936,0.057197644148309794,0.020101199728053628,0.0797111590011509,0.03714322178524117,0.03268933937974097,0.046108315094558906,0.0466365288417569,0.051274624780015564,0.0757587023447355,0.05715098062044938,0.05779471062763728,0.049687704971384784,0.08483274830094689,0.04815190042128134
62,0.025643168436977077,0.03049463376038922,0.026887174079657253,0.010364259773685493,0.04931011449263376,0.032295667218790125,0.04665181524557102,0.10707114143027023,0.1247574056367886,0.0900238969241028,0.03209765486554953,0.050985386387672194,0.02616172166660438,0.03939713504994364,0.09190301468067648,0.039540860803809974,0.0295635354591235,0.0827854573528467,0.02142293929680331,0.04264301743810469
63,0.06653264434125301,0.1190906549547278,0.019577516041808282,0.027347087167537837,0.021110968214486086,0.06242043146711581,0.03771854507368824,0.12690211911336924,0.04804538591481647,0.10769199682844945,0.04331143249585646,0.011111998547385815,0.021626119248045233,0.027649292709441848,0.05854313559892308,0.05318429840991285,0.03934766485321937,0.050374959382607255,0.02609834418598179,0.0323154054513741
64,0.0823452243951121,0.04743876724489023,0.05693235105292795,0.04793054176651476,0.02767328555987651,0.06690161689575619,0.0467732063328844,0.04296055175094817,0.03205147719049884,0.04194246420974788,0.06557976419879756,0.07247409682640357,0.05893193051576187,0.051368041137056654,0.017700695419970488,0.051345825403632576,0.06623142596738708,0.05225272840659704,0.02867882725528964,0.042487178469946464
65,0.06080522071724981,0.018416744295347367,0.050124107901446245,0.053602147738680696,0.033683681081854246,0.03346909622010307,0.048551828371570654,0.05236763207471575,0.054118816106117844,0.051053807640711914,0.06752280289802788,0.05492252909318898,0.04771619550353962,0.06349519658044771,0.07425711314242639,0.07538019052080175,0.04703782075074873,0.04220849667249391,0.028731113054324617,0.042535459636202866
66,0.06836352827126323,0.06037845380827784,0.038906256966709504,0.010574163102407011,0.04188158120539535,0.03468893857555309,0.0394183609166079,0.05081673615481822,0.07839952742153959,0.04997517868100352,0.05169332089543207,0.03329255984098468,0.01925085668300922,0.03651553923638551,0.05917500289119156,0.041303879501421184,0.027246780832770823,0.1228545853559893,0.10028859464327926,0.03497615501596116
67,0.0897547342601681,0.1093535463187385,0.028865124590186534,0.07886955892786936,0.061387000955406945,0.018164138914798136,0.03703251415755119,0.11181521093882513,0.017102439341246896,0.0551044084738053,0.040134732991050893,0.034725707259481216,0.01463311518750914,0.06706001540492758,0.01057445377785385,0.04998673101807435,0.06185739372303525,0.030906138398111127,0.02347342161677335,0.059199613744587175
68,0.03560328310191474,0.08949903483346149,0.04039064348944194,0.03494526138837776,0.016779163539936713,0.03706358173469694,0.05392849640102528,0.044788291658530766,0.07667751203164373,0.02310251688523216,0.10583760260448179,0.09026233213313133,0.06886623268156931,0.04791798534802568,0.04614793145905171,0.05877851936777628,0.04861444985919394,0.04145976601166982,0.01507127328384538,0.024266122186993245
69,0.03821966211897116,0.06169622733984081,0.05067390210133505,0.04987075895115803,0.048528030472827444,0.08359209682374334,0.03968636312671556,0.038175603600506,0.0463580923634923,0.04684866499269824,0.03652542555400299,0.10108379377709993,0.030978009312488508,0.039278942536438745,0.02482383222023182,0.0577941417200043,0.1093111481848158,0.042961150577479894,0.02066900295857828,0.03292515126757178
70,0.03966706430338185,0.05208219370012009,0.0449175473777462,0.04527201016433289,0.04855906943616343,0.09324814601656145,0.048700701770865294,0.029003791431447924,0.03646268981700748,0.04854333952777282,0.045446277063355495,0.05847164614193526,0.01690102802555522,0.06583106244396375,0.10866533231718813,0.04396312494121939,0.03822830614716791,0.04142067940966312,0.0545059980652296,0.04010999189932269
71,0.049210748330722844,0.0991119880443178,0.057163766663513714,0.028493696080984565,0.015164684102823373,0.07801122466166814,0.044146463757632814,0.056229219587908184,0.014243711674552953,0.03727920932071938,0.02229497740973591,0.12747380664913785,0.007921292354323265,0.06836275554083664,0.01361531669422329,0.07375376399493579,0.12107698339045435,0.04728362603950537,0.02463798776238726,0.014524777939616462
72,0.05335548667909786,0.04984957214241021,0.06517545135343335,0.0464793860214511,0.03526461747684254,0.05624648524529904,0.03391145038135091,0.052201446029728364,0.08527187428533811,0.041156487596426795,0.031084481410506144,0.06831728391808524,0.06155884972102644,0.04999462110007761,0.04849692311950162,0.04282042711936465,0.04747750339165838,0.060213573800788255,0.03865785635526805,0.032466222852345364
73,0.030135120302121215,0.0364385665647575,0.04535066923136147,0.013705688002883916,0.04717890062216665,0.05586162873817698,0.09951998300179765,0.05412405366188138,0.10049972371838249,0.019388844011222997,0.05450257169703918,0.0609793134470654,0.06798736422052812,0.055150438426015136,0.05705828844248347,0.04549524462178759,0.04400683774933998,0.04448154241090954,0.036229705799199714,0.031905515330879645
74,0.04154983178836902,0.08980601810394917,0.034019568029139004,0.06001149348327232,0.03835952886355675,0.03935563266021303,0.06945931008236657,0.02535789049356374,0.04040501298248095,0.05118553915862237,0.06327218169817021,0.04817339568031314,0.01618547681055246,0.03156517678024291,0.045222718736010435,0.04132584355821434,0.03361551521148015,0.08604887866858714,0.10872252350464982,0.03635846370624647
75,0.04967996516463008,0.04461181474646545,0.033162690709772374,0.03998430096737555,0.05753056416041045,0.04245806747879984,0.044178981741705786,0.07653708397065073,0.05193350242213581,0.0631181148753475,0.049308820432144296,0.07743804147839954,0.007282068020035473,0.05035201260352654,0.0250142804218866,0.045214470204783495,0.04263030536798159,0.058569081850908124,0.06322784755607251,0.07776798582696824
76,0.047854025880765545,0.0953659123934185,0.01463084713972933,0.05232917229459208,0.05138428413272289,0.04372617598342948,0.04478072616007456,0.04348381834292847,0.015631421490561227,0.06318552922749826,0.018274229036085273,0.04176242429566918,0.03722649149704473,0.03294297191089466,0.026783296499547932,0.06289546561344807,0.043931044375129256,0.08854405898790628,0.11901950309173397,0.05624860164682032
77,0.0449865188298827,0.07918216678701863,0.013545848028435094,0.011878398580260982,0.1867877565741809,0.003168865055969094,0.058578191278141435,0.07070153267203601,0.016787118321827523,0.07078289949597664,0.09720884162697706,0.07039175219337666,0.022870776327026405,0.0825145665831915,0.015377096264623163,0.006531727925985102,0.03843375109608544,0.05878406760765955,0.00495579690022726,0.04653232785111886
78,0.05697561879602325,0.0476130825792534,0.005931226483580702,0.024484882156940654,0.08303207996048423,0.01635106439293024,0.03519607074660585,0.04536472599499195,0.05566470117112232,0.12175455775883263,0.08585162768261732,0.014078388145580148,0.005367862308807865,0.05561496674989971,0.08127676244144727,0.02159956313310454,0.030430548651493916,0.05187189246576599,0.08866564432761354,0.07287473405290447
79,0.05309775645305337,0.03715670449808819,0.0649597705574383,0.017630847572097163,0.043168825190086045,0.06894446429827102,0.04676674199658706,0.05108924321602562,0.06270942634951715,0.05593139154445414,0.045821049941687016,0.05061209869324589,0.004827679633222429,0.03219592489234123,0.08469261799387223,0.05448831821890857,0.04340301565613162,0.08790804739836094,0.0629218319858169,0.0316742439107951
80,0.047864793197931195,0.05802044365147537,0.014161375235665491,0.025581232997944625,0.07408190620144556,0.046041195152327304,0.06836912861927104,0.05799256756309917,0.08207679241806833,0.05035502185082021,0.05607283620117323,0.04526392921368542,0.03191904055870027,0.03499273038357627,0.06440180913906997,0.028175159452166327,0.045708708647370346,0.045467414163643693,0.04540675336398248,0.07804716198858369
81,0.04343502876343471,0.10816304023935785,0.01539969471993223,0.01483523051489996,0.046420987415285137,0.03921346075998656,0.04778508783489079,0.0607956985590272,0.06811718651346584,0.030636379272795226,0.0650601486858664,0.03999460225853493,0.004295224599395435,0.03737587383894597,0.07553665129625224,0.039247880663924185,0.04629928228225156,0.04661832756908846,0.10490693113831047,0.06586328307435485
82,0.055739041072807305,0.049507676950751,0.014847519306060262,0.017840741036748275,0.03274631764733394,0.062039396843938915,0.032681741320438794,0.04558796693026254,0.12988078898196673,0.027754835233373406,0.029091994654043607,0.05018633912020951,0.03361108860799263,0.04408489429654561,0.058065899106356324,0.08575474028979463,0.05610807038499769,0.06006409518480366,0.036369010090062166,0.078037842941513
83,0.013403666096040467,0.025898522511273375,0.41756427957653086,0.028707742112333106,0.013520514123954176,0.03872961196273708,0.024711849832376644,0.012256532860123586,0.014004450341126512,0.011950672745019944,0.04335525467484622,0.10883618887267645,0.019413604392847925,0.03774921455394565,0.019633150873993255,0.04738949235828995,0.016076001837805345,0.04251575137107052,0.01697816306305234,0.04730533583995658
84,0.238528913748259,0.06089216614010834,0.048436209523900355,0.007971813620858796,0.01246794565906195,0.04820364070600249,0.013438851824719161,0.020405706271275137,0.029471367860707847,0.025153173471643947,0.035486194498006246,0.019710728150894922,0.18994056202387224,0.017122521096097066,0.014966498134816186,0.10198159395418038,0.04852701788607538,0.024308576675110483,0.030251449107932486,0.012735069646477562
85,0.24202659064846085,0.05073998279832077,0.020508765150404593,0.05185014343318304,0.01733252986706815,0.2526088438786564,0.013846288466192097,0.0433452989931604,0.013199411687800621,0.007148902341581932,0.05160490261938886,0.023939813337263263,0.019373250748139982,0.00979854372784183,0.009290156036055148,0.042396912318428646,0.030986506918164805,0.044306487672501504,0.0345065361015802,0.021190133255806893
86,0.05608442853937487,0.09630228766635922,0.008614881209396406,0.008335426152296843,0.021363797329269598,0.0744161778626845,0.023250969753486655,0.022571895134960673,0.019844692582432735,0.011625620759927902,0.02408935123901393,0.1096032652883432,0.019829582323527297,0.08584064035795962,0.06921787051577205,0.15881495500951479,0.08487812451160139,0.05774595779582276,0.022494706035756335,0.025075369932499272
87,0.07481448958708603,0.03377193908207726,0.05988876532497788,0.05972878783272295,0.04016413552546905,0.04422833293688691,0.05319566849621619,0.023527100276071387,0.04518406864633875,0.07049579123528087,0.07235744929102178,0.029696640475440215,0.017115791594066784,0.03961746698474276,0.07514802482369458,0.06776138557160342,0.08760853395555888,0.021212655608567985,0.03986869230896415,0.04461428044321216
88,0.023014118612331113,0.03925421291491813,0.030113333829914768,0.02431480454087151,0.030437223630093494,0.023574339905406725,0.04662925065940101,0.018266853165302594,0.15775980689825947,0.049603989829637846,0.04299674328524176,0.0573860797731075,0.008598652427671502,0.052639181863348344,0.22647252580621843,0.03679569108405564,0.017817883085574162,0.013411360712046336,0.054935509896642,0.045978438079957655
89,0.049552797045054754,0.07331927826736166,0.01557836046189392,0.02654691895577399,0.08965064513674648,0.06668315165669306,0.033910995710656706,0.05036748421748893,0.04237626940579381,0.04205886148001737,0.050751530750469266,0.04459752089136293,0.04717689007105782,0.028257443997455358,0.0513808202562279,0.07195137133612439,0.046541991102180456,0.08643294549027286,0.053764008670304196,0.02910071509706416
90,0.03387993539144404,0.08545186682421556,0.0208179216933211,0.018387100228587718,0.03608347005063583,0.012153857384722501,0.055411292597781346,0.048709440493069,0.1484440875273695,0.0344275676673848,0.11835276780183744,0.08430779819553441,0.006080038012136577,0.0576357005490871,0.05680507354782583,0.018000818043513552,0.05258570527206621,0.03931700150937261,0.05830728135109916,0.014841275858995695
91,0.03009940493822347,0.08282477916708052,0.013787880936874247,0.07311253805070803,0.01662528698304962,0.08577387210651105,0.03638226334019796,0.0838852124271705,0.0201912076837439,0.07332041563192082,0.06892136424011952,0.026931485910644103,0.012068398189652295,0.022651174466491546,0.007469240574505866,0.07189473597375357,0.061658098543792984,0.1543988425124109,0.02948331143811687,0.028520486885032215
92,0.08165397412044327,0.08768553234055158,0.04453187652190688,0.027523817603757036,0.010450302093086165,0.091003410715091,0.056549801714838414,0.036538410660149366,0.03437574728987721,0.014555293538016415,0.04079848775355183,0.03750857469603302,0.05515633550685184,0.05085588300125094,0.07684993717944961,0.12903498717972,0.07321209759748876,0.013939111468121575,0.022910193803305324,0.0148662252165098
93,0.03988064858807399,0.02548200632987273,0.0249583392704688,0.013658756401587466,0.035344919467206,0.08930016287276012,0.049258264721461296,0.048972333146362644,0.054755731055584685,0.04778749597520665,0.042080738683298875,0.0547884477302143,0.08367394562320746,0.043781900819237,0.012201161974950447,0.09773957014805433,0.042524567598738516,0.08152258541855419,0.04766497216641032,0.06462345200875012
94,0.025390379778147593,0.08708217987768622,0.059277023941674285,0.048936618089781246,0.015172558416990454,0.028752062969135572,0.04360622725015544,0.060765186559653406,0.03617071211561163,0.07222166800811249,0.049260643185014524,0.034706170457745496,0.038244800223509755,0.04483654809768228,0.03860263566488926,0.061029227066859655,0.05490821959924098,0.07926270357766553,0.08064135026744582,0.0411330848529984
95,0.15625567533372817,0.12102206784308156,0.05328853976293121,0.010718421200837538,0.024291431948448013,0.14014170196433254,0.010856561167437058,0.09404194703625401,0.017944513818075197,0.037158361846193214,0.06622126426529967,0.016752567890634142,0.00607667574098535,0.032090878249820556,0.009561418610552706,0.050393709124700446,0.047553138242590186,0.059692364688934685,0.037884206055013164,0.008054555210150605
96,0.07207717553780786,0.15197420940923403,0.020160464170999474,0.03716952152017263,0.011286823187788638,0.023505025969056386,0.02979549606310425,0.08492368231635904,0.009252857545168249,0.05543575853532871,0.049461195121295265,0.02978546952498286,0.0531375960327455,0.014870951087820045,0.01186751797416262,0.010179033362447553,0.10436233411635647,0.18413236218175175,0.022538157748113574,0.024084368595305133
97,0.05530288534543587,0.07401471577241961,0.045357581276297965,0.013829497283621464,0.013532570894549173,0.06928634069624673,0.00797087730338164,0.0941098655231315,0.049184350102999284,0.04987019936618912,0.013888918213231164,0.06327753231929106,0.05499246279333206,0.05632791102197176,0.020629785486558975,0.08784746294135576,0.11935345087051967,0.07075876037855892,0.028454555668282182,0.012010276742626133
