site,A,C,D,E,F,G,H,I,K,L,M,N,P,Q,R,S,T,V,W,Y
1,0.01190175857138965,0.016573452716705326,0.04886827678511831,0.018962359141152546,0.022607137805221625,0.009334725685861814,0.011228807381847047,0.05837869310771805,0.05146720190921555,0.03116249856529272,0.5102003544172644,0.01235203172636945,0.015043817966072697,0.013530380739352569,0.01197664136662396,0.02577838551834623,0.04738993294343641,0.04145048052519345,0.022904752587357313,0.018888310540460935
2,0.012019170914066119,0.02961800911559495,0.042501746103882646,0.1716179580798248,0.006048203838186589,0.03627859090218683,0.045533843250532315,0.04213495753053942,0.020684237646165612,0.002826324555602464,0.34108689795836283,0.09342383105237909,0.004543645251469233,0.004695395352633062,0.0033941355376659425,0.008985551564164817,0.0047743098960945215,0.03161915041238668,0.028733487988295177,0.06948055304996689
3,0.02995689395982418,0.028866108806805568,0.03096808126457176,0.008462606777876792,0.018949616014301226,0.05556005159821494,0.008448396752065532,0.05094575376918932,0.0779020355677221,0.025996287603386736,0.09382900546534753,0.0535055898617993,0.0027445202863733797,0.08198388503734377,0.2515615072243774,0.034226658252677435,0.00904640561038062,0.03395428013705161,0.028453706448758147,0.0746386095619326
4,0.04101586872855771,0.03458993614443954,0.008161793996727855,0.02384615652968659,0.012100140198746815,0.06954604525875466,0.01584117385791585,0.15732124645081885,0.028349602692486195,0.06085646584321144,0.05154120903489941,0.06516035449205612,0.006270848425170133,0.07914452579858332,0.009028151592688117,0.008895088994906899,0.2644109699461788,0.023584524894238817,0.02573711798696033,0.014598779132972516
5,0.03650621894136969,0.02051011235768801,0.005220313831746775,0.04457399633621751,0.22622449876703712,0.006346575768351166,0.03273554608443479,0.08603442489673443,0.09976422525901948,0.07134739360770541,0.02592932537688568,0.04277490679261896,0.006318908870985513,0.029324830810494314,0.017679027747188967,0.13165021337147098,0.05673002105847052,0.02411296148232276,0.022853208040747225,0.013363290598510701
6,0.08868359332833062,0.07708557010741772,0.029980680783845078,0.09270412488840389,0.02874178849721048,0.010285248073966196,0.004897761788173565,0.15750477919762537,0.049004630231748544,0.059182092320151376,0.017679686514189497,0.0606019702610297,0.014335416247108448,0.19636683705885533,0.004365113248498999,0.011406892118924244,0.03788370010975201,0.007853281829088603,0.03326610216177309,0.018170731233907292
7,0.13492352100314375,0.026501123399909635,0.012524216783676528,0.012055631515477961,0.017174890523297796,0.0038758740513358285,0.010975959734607256,0.2167136176840749,0.013144729603166743,0.23093082767195605,0.04548264864756134,0.04072853979576212,0.013002912083109885,0.015630321771205758,0.006676504399300714,0.011132518653938902,0.10676158741293311,0.033958311349987585,0.017227634285484485,0.0305786296300697
8,0.009444051641495432,0.22296071212639057,0.013108394786173028,0.032834325367789324,0.02127942206660955,0.020660370955039118,0.040975972913668786,0.05002751285538325,0.05806948751698242,0.009623260211583938,0.219219925634722,0.014290646589215703,0.004390822919181986,0.0053337596142114235,0.11172884805269281,0.014300552898974408,0.007380167630226573,0.04973954625269506,0.020315874988417026,0.07431634497854757
9,0.06260597051240267,0.022884434761624873,0.07304782803169724,0.17782873919534023,0.05176427024365202,0.015376297261369956,0.0527213716506685,0.05031731803494259,0.07480800202178882,0.03838856181157379,0.1450079707560216,0.051782757099913944,0.006748207078301721,0.0048439130413067645,0.01867148446805168,0.011625032526202313,0.03589807376180443,0.033655001217372804,0.02192061909720629,0.050104147428757774
10,0.0182214536826886,0.019759674154605507,0.04569798445949904,0.018386563816427972,0.05669528198576032,0.10679260637074826,0.11584585864614123,0.04737932751959107,0.05362833334213919,0.0736733109731829,0.013637135104929327,0.016961458953863355,0.01638543578129931,0.0673237743009968,0.05209779927451375,0.029922091062045974,0.03798992825781657,0.028079714305946277,0.12789535181208103,0.05362691619572354
11,0.004144689952967416,0.0069183098299337165,0.014255049979887406,0.007229269844332685,0.022106868449266362,0.005785177665502124,0.037296618353593256,0.05285903967675965,0.0495674119771756,0.2259038345014209,0.1979038589473792,0.023354650898146763,0.0018533780582262447,0.011179817168117235,0.021783444390385553,0.019807549082735666,0.12063577671296216,0.060622876874232075,0.07347753615300642,0.043314841483969545
12,0.02679499288780978,0.010428454695514084,0.015085604891640646,0.05505823027486895,0.12335281405842852,0.015444381463265072,0.018474471604042305,0.011357865375646356,0.004574126593580261,0.02112483242488492,0.17273841039816076,0.04954233824820857,0.006512264005304972,0.06649334473860867,0.022391456512970843,0.06236204644059006,0.012016235240321268,0.004137101910980422,0.030748486799766512,0.271362541435407
13,0.006219721607742725,0.03627985631712283,0.022515228243968,0.14229618894788554,0.006580953977655167,0.03979541200325722,0.08059661429445511,0.005507022800449936,0.04976088745826621,0.10311159773555503,0.085920240027527,0.0784954113922282,0.011406823982246055,0.12702590875317415,0.03847764008935767,0.062173327769302296,0.0177885009045809,0.03208361439618174,0.007655511404547583,0.04630953789449662
14,0.03191886248440722,0.08293941299908826,0.01945563876573898,0.08098438568020058,0.02923082811849324,0.007117758144218115,0.016980558638786742,0.028700329694031825,0.022929125058462133,0.005844894217405426,0.09697990177623647,0.014766166277971848,0.01531554064009136,0.027070786253275685,0.07241734150894649,0.3294009293327495,0.01766133895433481,0.015665241065092202,0.036828088773967996,0.04779287161650108
15,0.008246482071491052,0.046906662956498965,0.019924465696091177,0.023084118052063965,0.01825125156009356,0.007809395345271992,0.03847134762347178,0.01679907309296058,0.02537261186281157,0.04639064746485864,0.03743418363327702,0.021122275478458328,0.008520129285404252,0.02472241579924985,0.4914667191067854,0.046914122496185574,0.049190214931601514,0.020116067330268113,0.02765238797833191,0.021605428234824694
16,0.06314435554816303,0.053259161922709665,0.016418469766738938,0.04051969365880609,0.042130524979271236,0.02130432535830973,0.05022600563932756,0.030812851303756605,0.00923985039343424,0.03814240356414371,0.032125127416245604,0.06138495293854103,0.060219878971718356,0.12059355469280042,0.01687602516355496,0.07696271658988972,0.20058138803532544,0.024216679310249185,0.020098914924827696,0.021743119822186827
17,0.004280057131741876,0.12251057809652921,0.01103431900477235,0.01574235746251896,0.011711479795137245,0.04611604005229486,0.08645470302157966,0.006783099039026849,0.010712707762326253,0.03800838683845137,0.0718434199780298,0.009341643770026466,0.012217010426043578,0.017208955954037326,0.42199129123940965,0.05530219090437982,0.004130134590556164,0.005735680533348922,0.0361725817771902,0.012703362622599405
18,0.04424386800895567,0.022838063502259212,0.04966695702547145,0.4715417730457829,0.018986391924118915,0.05012429401163638,0.03384650570654248,0.012064838133229972,0.07923505842638474,0.010261414679312778,0.036801000123861095,0.024403046506455393,0.010338235258390248,0.028057516516351133,0.019943224494783463,0.004794942652151265,0.00653229629619305,0.025419473944681442,0.03508924726345884,0.015811852479979592
19,0.0076239550351389395,0.03880148090737742,0.014535626566775687,0.021892272954398953,0.025871761019646704,0.018451601149400008,0.0300049747351366,0.4022526947183938,0.03699686047845055,0.015744670040315524,0.051866045082666866,0.01313541372462475,0.00799198480126475,0.019632277054101803,0.01537225799606467,0.008354254617681212,0.0823804381479517,0.10618346030313815,0.044916233232513605,0.037991737434958275
20,0.005903864062846096,0.026140951571051875,0.043269886243546135,0.01609186823992386,0.047678351177479636,0.013935752913300984,0.015219118274731344,0.10693698011846173,0.016127380036470605,0.5131894071273093,0.032203621368220484,0.028053563925101024,0.032333691290410624,0.024347746576274056,0.007963323477506333,0.005116381345926655,0.010237217170551935,0.02216197524858523,0.020402914849862255,0.012686004982439797
21,0.022800705870234302,0.012744504905924452,0.030202434218370742,0.15380636385265128,0.04672084648007782,0.05527887401552542,0.07161280936355742,0.10991953256795019,0.014248108730804631,0.04572126537649181,0.0723350919506774,0.027266342925785364,0.002130592311981862,0.008974090361589122,0.031015355932085868,0.05812967484505289,0.08483897821264323,0.12156194888334092,0.020681861627938496,0.010010617567316762
22,0.016508582902996446,0.037360737122631264,0.05211743981355819,0.06959770271025176,0.03003949013202747,0.012355987845766024,0.009998469036498618,0.04693582655885793,0.05647374354092934,0.08035900333244436,0.0692955824851838,0.022496550051196527,0.0012123698025033095,0.0466318143364161,0.09196032881615948,0.08256981252894963,0.06427009837279907,0.016340857223047497,0.13157151871054193,0.061904084677241226
23,0.02270721828276867,0.021389944316730646,0.007086149962917631,0.014655215543568398,0.07787926018963576,0.06593211990293996,0.14182976575703837,0.014393195244978113,0.025522369255552388,0.02233522842260546,0.04629452574151092,0.05041353298506421,0.004885183550871832,0.03989588015737488,0.06494765921550151,0.03431428070218054,0.24808961618206044,0.026280310759580743,0.03472734212463948,0.036421201702480054
24,0.09441185375793512,0.014708914460444063,0.0032679979448682972,0.017005875198027105,0.01343808891625414,0.21343386364282205,0.10496506537649293,0.013055805655351398,0.019311188761722546,0.00371806082427556,0.030560574419431406,0.02890411682739003,0.029231541664178927,0.08039558187460256,0.02148550677838083,0.019769313457414096,0.19841037154342964,0.044506319316781104,0.03352341012911615,0.01589654945108204
25,0.022838500042815492,0.011187233002690412,0.00766716030702069,0.0048779460354372705,0.004254553769882393,0.007166643678947643,0.006533281829079835,0.34667775083034785,0.004733719626913535,0.05197629312019726,0.054307941248120724,0.003757018908571431,0.004723978452800289,0.005920343980231913,0.0016010918813885201,0.06903067498203047,0.2369505649859509,0.1429298968645143,0.008701826670408702,0.004163579782650375
26,0.035103916578707386,0.020778945485216103,0.5205639757829206,0.04010398340463389,0.011840065078858437,0.027266092862543098,0.006381285846627159,0.0840003397669447,0.012680047689298682,0.009895429991530277,0.027186197779975947,0.046635761669464176,0.005301014214760891,0.011436932439064277,0.006110799510391511,0.005761196438133354,0.006773173853372667,0.041416438848406956,0.029730898898011355,0.05103350386113854
27,0.030583389404297362,0.015457532233082256,0.02759032503710931,0.016174432693078746,0.011677650378828456,0.029233104429377745,0.35285161807052123,0.07377797285136382,0.010661479865231202,0.12613303702479556,0.0866322044390017,0.0460904218356058,0.016347586581234634,0.011951256633721152,0.022078166086350718,0.009983638183682092,0.04240927419884708,0.013162109046600767,0.01745641860404853,0.03974838240322182
28,0.09508058797199191,0.17821110415589167,0.011523005853115956,0.07359836984697513,0.013052503475013967,0.10214854412247161,0.005679147003996246,0.03912815024966674,0.014231211188675767,0.003681190618533625,0.24727971937949592,0.029654511582878632,0.009439751082845733,0.02779950834879905,0.014170426374360173,0.042044797377832364,0.03574046515668951,0.03458770799507838,0.013716952461597333,0.009232345754090269
29,0.19590147647983464,0.01194423206467174,0.04697961033399844,0.024350812710692133,0.010102869389312019,0.047864841290990896,0.06937099426790799,0.030419086394874027,0.12535514307436169,0.036740663449794576,0.07404297953923598,0.006770362578293076,0.009165154429586328,0.011726441389579524,0.00929304278058989,0.052699169091052434,0.02188010666023639,0.051230585023181535,0.026104140968582875,0.13805828808322382
30,0.011371623251555786,0.06981404469392666,0.006055417530505688,0.01220430249063142,0.007492174321194372,0.0025385309714245734,0.032755976334034057,0.15070852317420028,0.04773705975402615,0.12819758521990654,0.05105336791200522,0.12530993857606335,0.002447947604753494,0.005632490696222488,0.0023691162309305122,0.0052472035825558505,0.08159507082735228,0.12238792330485128,0.12233715148158028,0.012744552042279733
31,0.008058842956163463,0.10883684071713487,0.003796573162253519,0.0049257859389201086,0.03024026891023433,0.004470148498924383,0.054884757047809055,0.13387238298997664,0.006089859530891952,0.23773761136826438,0.12221533063561413,0.006693526441721052,0.0015765246254684023,0.032676490558293844,0.007583364518498421,0.011005446299931287,0.0192825610521891,0.08574001351268684,0.030700373909211952,0.08961329732581226
32,0.01752081904551678,0.07807331338177603,0.01895690136908522,0.039922754785616,0.020418898136912934,0.035492859612523464,0.005512866360849425,0.033589865233813736,0.1557482604838632,0.026733080773843638,0.12786554495977234,0.04559678496508532,0.00888208982870741,0.0679796206909759,0.07770884467009836,0.08377251336649173,0.015476784743862194,0.01818255267568592,0.08257290891273557,0.039992736002784864
33,0.027330489423599624,0.008173103809128201,0.027377030872430777,0.03597303553924878,0.06670252396266188,0.015225665029930394,0.03767057695925714,0.013840755943563505,0.23654055387829176,0.04403612287174479,0.20837944317830728,0.023596619443660167,0.00722059312470943,0.009861828187405178,0.1323230909933807,0.021719353442661706,0.010541861621877757,0.008454782162050542,0.038537992281661874,0.026494577274428548
34,0.025928502358030653,0.04904466088650256,0.020689092986937045,0.013030242063412339,0.05997552781286561,0.007565436987229585,0.0942037489859184,0.020140890780207255,0.009118788031660167,0.017886739174179815,0.013274005584087352,0.023771992156190976,0.01211232801235516,0.010363725086611746,0.01208454868220104,0.030347680282263298,0.01603136078378335,0.017178105725400024,0.3215497859604334,0.22570283765973026
35,0.01966057155709329,0.0183877387911886,0.006533516616001418,0.014707914462736116,0.030193647199820737,0.0061304807153688785,0.04567192515704422,0.031043208852317854,0.050356992509372006,0.007983745501024719,0.036803739130998187,0.02507762331035952,0.009804990296601358,0.04317424068971353,0.035946898972657224,0.3052334336669672,0.2023559521828654,0.010595866484234514,0.07689239420018514,0.023445119703450024
36,0.008558626122527358,0.008435730649347446,0.010515814084569865,0.11363492391326403,0.04807239767468839,0.012792159482167298,0.0066450908419944665,0.04360799069759721,0.0050366150318218224,0.08262671931840243,0.018023517915344407,0.15219619484264202,0.008841694015856098,0.06618125917817948,0.005042205031432262,0.12421225318080129,0.0429469624538295,0.03837460398842711,0.12723912584899424,0.07701611572811327
37,0.04315232659329629,0.04565868448983899,0.005731041314575831,0.013923598412434122,0.020318819593294436,0.12471349733664806,0.02283408227871234,0.10946026139306414,0.06632732102383733,0.08127289441293269,0.07393242878619463,0.021757860471366706,0.001429753452442343,0.0156522891955945,0.07737558532750835,0.06603108175553463,0.028756608203428347,0.07700807593704422,0.011294734798746424,0.09336905522350564
38,0.023624223833101924,0.014584463764519754,0.016465714827183946,0.026377613481165952,0.013688450667312018,0.019109039893694335,0.01476243413108961,0.050963766476120824,0.0350727080332273,0.012218414456028682,0.034217823905794115,0.015702820520408892,0.021005804570734535,0.009147973126481516,0.5346758972752725,0.051915987079997464,0.02634067190471536,0.008229281289315762,0.0586311868834882,0.013265723880347172
39,0.06356094969298386,0.021735237457839573,0.011036376445343561,0.005970797270558292,0.05688998820128272,0.005355106981170752,0.05885366535825794,0.04661198394241177,0.03491212976269297,0.05215569663068922,0.05944899333312103,0.059476181530623354,0.008435675479815895,0.128289719353636,0.007633101340430889,0.1201038065433592,0.10787487895461115,0.039489545623613224,0.032536418177402326,0.07962974792015623
40,0.03954887153902516,0.04229063828733548,0.04396576173221961,0.4051488054779154,0.014441873554836593,0.031552972339542705,0.03458852125283545,0.01706357662837621,0.05340915785208781,0.00997362714398721,0.038679585196677455,0.009205425874321655,0.027157439514988096,0.03947080145262228,0.0052408137595368895,0.08177241025673553,0.03891369587585,0.02115092311662385,0.038032518101104154,0.008392581043378535
41,0.023717634675396983,0.024058329898666103,0.015076493141357674,0.02904979547200638,0.013030234454746983,0.023927903088017323,0.010881614802299273,0.015193686302489715,0.5459032107762428,0.030172249950831263,0.021568630609306992,0.03983422664912104,0.020118285672447177,0.03506664880695872,0.053228420512426496,0.02371992289728835,0.017874938884813257,0.013416220412468479,0.022417738472240427,0.02174381452087448
42,0.03741300001446445,0.021665072163802184,0.03719212589234445,0.017969502877618896,0.015592797432620662,0.013989824089579756,0.01185049195675817,0.03624788471219256,0.15250227374599415,0.010797913446866278,0.021746755652813265,0.3755331755012119,0.0032102882923739045,0.021955180098948226,0.012647573288836842,0.13412981866866358,0.024397060788805595,0.009099676740434395,0.030696972557144597,0.011362612078526155
43,0.04690742374339549,0.02219412505507382,0.028936898904858215,0.02035239255420072,0.015382342018259937,0.007924071490251117,0.04628893498119367,0.00958183208643716,0.012587331563384633,0.03718321807499093,0.023594274005484313,0.024403126791734113,0.4567532726279878,0.024809866399029004,0.020196213882597295,0.04981264836669713,0.0467620360440412,0.009087002156173736,0.05855508506704076,0.03868790418716901
44,0.2000512201591186,0.008016907998953961,0.007324747092359374,0.04715535930930605,0.01756037642013156,0.028486640063993998,0.013582847394763599,0.07518737137328901,0.022794239548083173,0.19399629287978823,0.10260797978385831,0.012687114487897106,0.008264958538981687,0.02257485479411893,0.06383139506797314,0.05148360358659849,0.060768405208930655,0.035179513860963456,0.014955683919859386,0.013490488511031308
45,0.003502188041793121,0.11710555572356754,0.022707402257019806,0.010650558188113841,0.04571137852736058,0.010505603762945705,0.008407021265318977,0.05106034997794204,0.009660229403732437,0.2228487719028618,0.06737392788413385,0.00489031850124588,0.02492394771130577,0.019991994606675022,0.015113612765927134,0.003351544117125077,0.019441368665206963,0.2694399879418947,0.051821875110099835,0.021492363645729904
46,0.016078824330498388,0.010888716116622666,0.013237570383472019,0.017098234775508755,0.011531780431621388,0.026449669651551357,0.019855490192007403,0.018657317826750102,0.03679348034953493,0.010584697080014874,0.05488636092454851,0.014598644622320084,0.0046289151920838436,0.010350518383330318,0.56524657113501,0.05292572686485624,0.0379338251148165,0.007662016541876162,0.05816932445948704,0.012422315624089549
47,0.1365610997791812,0.05568500944102054,0.009583211716350949,0.012435406219316759,0.009432603690403952,0.010925766652742157,0.00620338024722306,0.05267436964460132,0.009344426935835336,0.07047068611605925,0.4348857775916309,0.021652432738662606,0.004383883812491162,0.04017939459041716,0.026354225495995455,0.02446374395614029,0.024913434152272332,0.024401720755812442,0.012284997253433972,0.013164429210409142
48,0.12435751909212381,0.03596932680198138,0.017226538231619487,0.02625643015549301,0.061283292573218226,0.013484506438423784,0.006052225030977521,0.00953682496037513,0.2665913566183443,0.03265297696296474,0.045272000741865034,0.03536408664363027,0.028709823285162566,0.03606044123389332,0.04093367937722734,0.032959542535103456,0.02968844248507407,0.10832955248456826,0.03121850633203365,0.018052928015920653
49,0.009452239753659674,0.04618898231201484,0.01956387666343612,0.022766821822184428,0.027121516183905795,0.012561443820274566,0.012029282986624801,0.012327854833067866,0.014241902058756114,0.045800276623762196,0.03248387817320106,0.01990638724067722,0.007003839100034975,0.012322454332572123,0.035170871788386716,0.013173547263976508,0.010222741125401138,0.017929122612426004,0.5668837495521706,0.06284921175346722
50,0.17937596868236325,0.007677275502587631,0.013199299800736,0.020589439689846608,0.038775848104218066,0.0102372729348114,0.03457539193197001,0.049830405067517576,0.03440895075254887,0.022861190162862605,0.16681136639967173,0.03168325680244589,0.004070861634884474,0.030286614173900512,0.013313599142589127,0.09203390338500779,0.13701086348277908,0.05999243921106604,0.025054245414864156,0.0282118077233292
51,0.03870644142387705,0.011245041632206205,0.017316798790920452,0.008795412723746409,0.024777247371850976,0.005505647581957142,0.01869663650563712,0.04396720012901536,0.17744156089075167,0.03906602900641922,0.17205006407475126,0.007978031366191391,0.009580655446513178,0.02739745604922464,0.006426986832659766,0.010753182005331105,0.0878972595617547,0.03720958181859252,0.022502875821193168,0.23268589096740666
52,0.2778009113067933,0.11873671665590234,0.011017986123565894,0.053003460724127545,0.03166744761400749,0.07049566951701698,0.010895352600513847,0.008488276319189966,0.039208943209689595,0.008470609989138369,0.017984833062506728,0.07463437704004615,0.013319772703100119,0.014582547439674473,0.009608939174402031,0.06843632629487739,0.05516098717374327,0.07213755600840739,0.021904319648557852,0.022444967394739224
53,0.04223381644514596,0.0785753559501416,0.0102973591196326,0.012013595452527665,0.011815940393566144,0.10684157912770217,0.015393858985520406,0.05091970888176219,0.09432273886737762,0.04675800029734576,0.13100829809676756,0.02504263556836699,0.013408210359725422,0.004747003452236052,0.02396895577744216,0.06022204235176997,0.1716943572608662,0.034626880854547994,0.021095823885952183,0.04501383887160332
54,0.00984156968404133,0.006361371420847786,0.011563708563098978,0.04580051909322932,0.06593288961732444,0.019836610677673786,0.041697410942890006,0.030334896685412185,0.18412596769276732,0.031160891112616565,0.01938148944202324,0.09208637456048789,0.00813011710133614,0.06848693633308064,0.10396181623033231,0.015116390207313415,0.0601478121016627,0.03731548319641095,0.12360117645495503,0.02511656888249598
55,0.0036141727600790085,0.05003506216685627,0.029278192400174485,0.015088172840457338,0.26091189867589115,0.008663704790049622,0.09923889153390751,0.013803540198090799,0.01190998656846709,0.05813386836103491,0.024975204584438686,0.012785812939483065,0.011044410068122928,0.009012333589388322,0.059270040794286175,0.0310394906186567,0.16148529930520988,0.023515411192991498,0.008950579686012676,0.10724392692640192
56,0.036869777986887974,0.03987007597662585,0.010597509065344707,0.008042320263681216,0.013072888490564174,0.00975263918265547,0.021390151520455963,0.017812943535966623,0.05478432414875265,0.04331648125609141,0.027764519032948822,0.07844723608240593,0.3321536474289898,0.04648786042873186,0.0034938042963579066,0.10849787126961351,0.05892065912204978,0.0052273614827132945,0.07278174490277121,0.010716184526391895
57,0.019003886670778635,0.2172927938937007,0.009970815267014007,0.015459174285912664,0.0321327009699571,0.006894253471179963,0.006020717787527038,0.1586055229683034,0.007646590060590377,0.039885557608238954,0.06316302426495263,0.011938127707314982,0.0020443127581830562,0.010598597168133357,0.001949041419479154,0.07135413131218192,0.008306001773160206,0.281924866993032,0.024748102504534263,0.01106178111582556
58,0.08451798827799768,0.22725090349838237,0.004758010072009942,0.003486309641293193,0.011765210394451985,0.08288948851923203,0.005087257210891152,0.01706487683890954,0.03347776463081012,0.003170986830060028,0.039262992804470626,0.05126053976005452,0.0015849825875795104,0.03400839186644317,0.00443475553755778,0.115124372361709,0.1297998101964433,0.12441388251166498,0.023744611965579157,0.002896864494459932
59,0.47249256839958653,0.028333385064974174,0.010677705445659474,0.051463983511944186,0.01622437851481462,0.0568159057855334,0.01506540960971451,0.03934175914502807,0.016760237599977804,0.006558106134257419,0.024788124438024688,0.015088329607476728,0.006161294449416509,0.0146173537546114,0.01705319050081009,0.04307778168099261,0.057011616205612986,0.029863491152511513,0.057852622811217363,0.02075275618783596
60,0.0574477298464057,0.0502987668479945,0.0531189867302249,0.04038820184070686,0.004201238370725618,0.04134664286909937,0.20179707908273906,0.038285556264566374,0.026178403914174298,0.025588378318280876,0.023292926409459742,0.0954492014318786,0.01576890947547577,0.01815447504837741,0.013088039548575753,0.057465271625929834,0.11288596696090114,0.05622109819323308,0.017635696198704816,0.051387431022546254
61,0.08456590848971192,0.006617135506337801,0.016974178663329998,0.07750394469768566,0.017366651944932244,0.008510762923695169,0.020210379329352542,0.014670996808324184,0.09857002074267232,0.05738334765837137,0.08099117532760172,0.046802620922477126,0.022128893173280404,0.04773757806594735,0.11943230480217101,0.07265442866574941,0.028495290153250693,0.07412064187596774,0.050343317665055565,0.05492042258408578
62,0.04271183807102486,0.05344223393098082,0.035287497249115965,0.19588700303195147,0.013903726841309813,0.05925500903002603,0.020460448995089173,0.0466956907910151,0.0733359896017408,0.03579049857325831,0.041096375593284,0.017886700674581802,0.0049454655829339455,0.017132736278251768,0.10692476180431877,0.05871218720778758,0.011744508254253643,0.026476570501983536,0.12453389764954823,0.013776860337544383
63,0.05811622466141585,0.14617050350186514,0.010035455783794358,0.02788073499010395,0.013355664219181818,0.01679922355928166,0.0043937020772150835,0.22438844778211597,0.0892671591845442,0.07833903520431179,0.04635316477191617,0.0071205731240367425,0.014267358756240049,0.009064163982069842,0.037890179969475656,0.12084551582621143,0.04056725705061836,0.03394436550385975,0.010674429652046203,0.010526840399695984
64,0.02435765078738879,0.029090820499839923,0.06508841193069488,0.2223760308009517,0.09803760004621791,0.011093863856517651,0.04642264945003466,0.05893032168276094,0.019321543719141784,0.04162162403587681,0.04687162398536293,0.061774186024610524,0.01044312240758517,0.018683055240165024,0.036120871602081356,0.06738673588838925,0.031950431289534995,0.058459766448498374,0.030761901655154446,0.02120778864919295
65,0.013545545434517515,0.07172143511370575,0.043983570713145466,0.058554159719541664,0.002491717457422713,0.030253888453381218,0.026176087839623864,0.029404466554911694,0.14314742795742924,0.03413759053750686,0.014752602351083518,0.037500872157866814,0.041453519269076554,0.13231305914771818,0.018391031918605596,0.09608409022006344,0.0681239877154174,0.018526912116773566,0.04807694299421728,0.07136109232799161
66,0.1091477642482582,0.022910634142254686,0.03071629187737878,0.03891134672957258,0.040155591056266676,0.17990928526759836,0.0357282412495403,0.04880108248916747,0.03752612245125595,0.07456558855418093,0.08273561309478658,0.007175646030167772,0.0041178927912385215,0.03893022363612916,0.06063372137841951,0.08013244486171725,0.01351234309524798,0.02163384446147136,0.059774958789624806,0.01298136379572315
67,0.03548889082056281,0.2978897954818023,0.029022096235581864,0.09756774321035128,0.04374656026047455,0.006393810426978836,0.004674644278904613,0.11513295019106984,0.02069682712011579,0.05767453346863808,0.0794350349754091,0.004659109068427377,0.00298823622231776,0.005311775126443466,0.0019693491492117064,0.02649655520917041,0.04198306388314391,0.07055314603241797,0.03303807523854604,0.02527780360043229
68,0.07499566067105891,0.058410073974141254,0.036985423232566816,0.019661939726041196,0.015025860405666072,0.00653213348611978,0.050999628928609216,0.01789558114231681,0.07618544760654238,0.009835026473234572,0.05519447349140535,0.059064195444976576,0.23782630282768596,0.046634226392984236,0.031891706601837544,0.058062707814666145,0.048756969967576454,0.05937423234528346,0.022583876184203256,0.014084533283084028
69,0.09088921831159326,0.15674935445173302,0.04975158310078761,0.025906480432138078,0.0157083794890824,0.14076593507221255,0.011582659500151814,0.007054290205301832,0.09622418122616509,0.07177534550641743,0.06425738448085827,0.005869143411924453,0.034491082434161324,0.016334341736000582,0.10036971455422859,0.03395766935472513,0.021024925181517176,0.027207909365854578,0.01896866683078727,0.011111735354359612
70,0.021009946548221876,0.019192612586966935,0.006721095623994791,0.02156450383054678,0.09414901915329098,0.07400081151927233,0.059749901072050395,0.016587456490187887,0.0443778813934342,0.05175197224164307,0.047691439648339974,0.030729890936463312,0.014743914023814272,0.1137248992372678,0.18433491612949884,0.04230699250632554,0.04245085748536422,0.015745516943254285,0.06413334200173099,0.03503303062833149
71,0.007125719157214462,0.05110872569490887,0.05345796059825699,0.018870290390515573,0.019387866424436545,0.051723482019455716,0.010574201682968893,0.016217625275635913,0.030167923463925297,0.021549270832428583,0.03228791539496548,0.45002607652671106,0.026874395115440007,0.05562770541730135,0.017242451512693366,0.03931774108037422,0.031001084848563402,0.012017634914865554,0.018996506748826674,0.03642542290051213
72,0.09063418287747288,0.05682439896963272,0.07224320227139602,0.07679260541234456,0.007127239073811282,0.07444060080564466,0.015764973152259408,0.014600641980251577,0.06992509194265055,0.02763490079273098,0.066898762795361,0.061829969912713514,0.028065791228291677,0.02457181694583632,0.053828518500471025,0.05502512731112642,0.06511786491469215,0.04262219976775028,0.09328829804593958,0.0027638132996234
73,0.02949475008057795,0.16937187536881101,0.03250536147459159,0.0075127869265620775,0.023410879376284707,0.059405749186012005,0.044013159346811805,0.002944255006987395,0.18612844515485005,0.034920442301620946,0.04795469076231453,0.06275200469687166,0.0221775650693376,0.03724534412604602,0.008628692587350857,0.11618029401656729,0.052377434160936875,0.013337125674490007,0.012021169496352756,0.037617975186622854
74,0.006374034896302575,0.23324244226460134,0.07160762394491707,0.011335249211493972,0.03287158754744113,0.052328487490887414,0.09746743305525975,0.00892245300188148,0.019495612473401643,0.06495201458700091,0.011928830462519737,0.01685090054183835,0.011289295717065046,0.07771382106358596,0.056945406551794454,0.05967906696719562,0.0262406989473479,0.049623666639896764,0.06674206025393821,0.024389314381630726
75,0.004656684614625759,0.1064796342106695,0.017621477808452846,0.04156047480776117,0.16166245182227598,0.00950249152174261,0.10185116406201707,0.05074011933695105,0.04461762858095205,0.03533344992494403,0.07269394304187017,0.023016026701751822,0.00238187046753133,0.07519589938441283,0.01898677333202353,0.03660444551665944,0.041122727450367026,0.08273382447076419,0.013098422082442695,0.06014049086178487
76,0.008016211868132521,0.02279980334607464,0.038072312955906656,0.04913032972772509,0.027422590063554828,0.0738774079014319,0.053886358202454264,0.06319026694153115,0.07874870966596874,0.05430048978784636,0.01302049244287279,0.033080832169585475,0.03256401854498538,0.08735794202451841,0.15720972317233084,0.03936839031244217,0.072861222627524,0.06208231198318893,0.016601845827116646,0.01640874043480922
77,0.02630584166686801,0.016617733075875978,0.007634370955605895,0.009859581461964079,0.05311494517289856,0.011638498459754806,0.04955438374874543,0.057228068567356453,0.01391963764668536,0.20719901868456178,0.044619769875563736,0.005382447744943579,0.02639433948153045,0.0042970151375656,0.01923977403700004,0.002277486274410875,0.23402430901692514,0.14051374277071196,0.014983443535332637,0.05519559268569964
78,0.00923892167948269,0.04595799065066856,0.005204123471590341,0.0054228999405701245,0.039631696374921414,0.01833617844023638,0.012353170303022885,0.020293909275378656,0.06201794040749781,0.06526636980409924,0.03259816842880315,0.018443413130872686,0.005000787200477606,0.0916550990226643,0.13730606966398715,0.01732595549636996,0.08195606690931706,0.0526603472023453,0.1425797035111658,0.13675118908652886
79,0.023848298726685233,0.03002166796920236,0.08481712346926998,0.004804806120731434,0.017325866452570914,0.0497690638772341,0.026800341920063853,0.04543568188978226,0.09133291498954618,0.019699936667624162,0.035069049654521754,0.038277372711137105,0.0019255623816169425,0.039955212084413105,0.05164724735376535,0.13505249853087667,0.06069089301140757,0.22018098515702905,0.008415543602568612,0.014929933429953336
80,0.014580971546380755,0.02091610047147122,0.055703718294300396,0.03768698854012661,0.08624025038960556,0.03739663243800094,0.020043272732554875,0.01363275452561104,0.12112369423913287,0.0279807668948937,0.018259080510733237,0.026813211365387765,0.019831157543987645,0.026910538980682373,0.15746064446833544,0.045058724822000774,0.03789580752778552,0.007537427231546521,0.010076089045808537,0.21485216843165425
81,0.014561887703580101,0.0033859280486077275,0.010083896885787147,0.004014807952350409,0.00634897521617274,0.031675929698073514,0.03484486295260252,0.0375990773411554,0.027270052324601387,0.017770786841319795,0.0336466840664688,0.05566786705395674,0.0016813357839397408,0.030977056786128596,0.07175141109610089,0.01877121837395097,0.04475733637807636,0.07388284374612343,0.41549564862789373,0.06581239312311007
82,0.01607077307233745,0.01520978183412067,0.021147600554856014,0.06201451924490652,0.03902312123485824,0.016223919222887812,0.003503102389262838,0.11487975467059468,0.06863827143108384,0.03261332771859647,0.05529483987958035,0.036855185309397326,0.015744597811864658,0.055020458255336004,0.05489161625563163,0.035730324904185776,0.04406720784864455,0.031642110984957394,0.1480625696441253,0.13336691773277246
83,0.00833734833220854,0.08527177768440315,0.5211895106514954,0.024887928076148973,0.017265717056208173,0.03579857199087451,0.01570199786752497,0.02006168487582603,0.04245869799625267,0.009536144715575968,0.024744506082737233,0.04312352118125659,0.0032336913300755627,0.011020556389819882,0.009128767618934113,0.019873304407564206,0.027506724928633746,0.011849416918164792,0.018516415308283136,0.05049371658801239
84,0.19637530633515266,0.2073861885934916,0.050484542421769134,0.006030804186821023,0.009407981903046328,0.005070162798037765,0.0067063488785654496,0.014483566886678886,0.006117723860262878,0.16425403295865357,0.022914464339260282,0.02358724893739155,0.09236534771494381,0.0060999971792529166,0.0023478698526179878,0.05123555689829775,0.041671424845942134,0.06379646863415103,0.024319988300717573,0.005344974474945688
85,0.2883032373588979,0.05409589407906412,0.02120525634196343,0.0353600083092086,0.031311077201390564,0.1648479457141511,0.058316302563155634,0.014880123178908121,0.008829203803898336,0.015034903350632437,0.031912540791992114,0.009650865722700587,0.010197496662044845,0.019570848222498695,0.0242788453572879,0.12685143174089702,0.00297539140245878,0.04679455909499099,0.02801122003764389,0.007572849066214979
86,0.026927354855338804,0.06714981889896765,0.03907182274899153,0.033838255487690296,0.00730528643937994,0.01656561840268923,0.013068393293465914,0.02001335294094322,0.008320410272023158,0.02777510573012215,0.03723818620709145,0.20079259984124936,0.02870520999884743,0.11232506341565872,0.015403677419124674,0.20692369225743173,0.09028932197387343,0.019878540138606852,0.009487292017415293,0.018920997661089185
87,0.07397646569379561,0.03250131017786693,0.08535335771102678,0.012112055774410442,0.10028313595283361,0.059532571157546524,0.06730279735614071,0.036159302372098384,0.013472187229116668,0.07891122043919481,0.005154512986404083,0.017615232425950318,0.04424640032903963,0.04552170109320372,0.013086667491148129,0.1976352155611969,0.043411734010262125,0.010927024147521714,0.01751634985594431,0.045280758235298584
88,0.15856042900130807,0.005941694489272139,0.008762166189440956,0.03199587877777397,0.02425014032968354,0.01786255062019257,0.05668766480046328,0.05544172055203105,0.008969117955183388,0.056342358667270276,0.038883610125097695,0.011070073711477205,0.010854643367814979,0.10271849544341664,0.2787836559383136,0.0209699513666565,0.015162386906521576,0.016287752210425756,0.05449407178232415,0.02596163776533266
89,0.03840822632454905,0.019364142870820233,0.0028436961108305597,0.00921509472017654,0.10629664520669806,0.01972653170763487,0.009070618494268573,0.02883436635822646,0.15671162688281612,0.061678302349819025,0.04952719107596983,0.025705941801222338,0.017373390384173678,0.019764854524648972,0.07918990521152217,0.13251003590552266,0.007224553879253932,0.10464802322917066,0.014074599317915272,0.097832253644761
90,0.0060340819266482115,0.03564652544723243,0.027723410685618524,0.008836037012454057,0.01696918411595426,0.0045409660892404,0.012112824492395658,0.05739678479601896,0.023343383576030545,0.18740270612999788,0.16283548805331424,0.0077656322541229455,0.003459073292910322,0.12991686554036655,0.02258186831298395,0.02960679489445175,0.17684817818642667,0.05703321017886708,0.020709853907216764,0.009237131107748769
91,0.02558657651571766,0.05082212734533656,0.013184479640962962,0.05376604028440138,0.013732950204615662,0.0727184554029967,0.06651148394173208,0.08788407785148797,0.02799875810919043,0.035614623593793665,0.02282941347810314,0.01926437208473777,0.031160276490025632,0.018815036464217685,0.005951263174425146,0.04367309640174648,0.029708545354202476,0.3298906421435324,0.030492639974393228,0.020395141544381
92,0.225748363874508,0.14110952180856784,0.012242500849549951,0.009845941057721486,0.00925042209918551,0.08776031873929638,0.010949220758008834,0.0576454379147532,0.01285849438186222,0.020862389927347753,0.04013489939602802,0.014274291537667674,0.01893037403821581,0.010567911863495571,0.02150715386015093,0.21638124796341604,0.05538551832273414,0.011474607628189366,0.012294585334551902,0.010776798644749336
93,0.020508990825270457,0.06662941879964851,0.018863094984168004,0.04543958735694592,0.08454816053004133,0.06281361184620901,0.04705460761027853,0.04237344172020124,0.02035149329833285,0.06320351298296115,0.02344062163924746,0.12468036396634555,0.1325843086587616,0.013650817260611873,0.0031080219339588203,0.07507571345675101,0.051241276905171364,0.04245671767620848,0.03183574334510503,0.030140495203781786
94,0.08807220976169852,0.03778696230427083,0.00986356956404326,0.016767946014140306,0.005258958593545293,0.21436218143117966,0.017430928956949004,0.047156199667266196,0.10274713446338124,0.10015609599339895,0.05159195569110105,0.012301456173341378,0.029385193224365173,0.00961078487414325,0.0435395130256557,0.10889085806790763,0.0232874491686739,0.055526620790079355,0.022799156365335114,0.0034648258695241553
95,0.18279276795368984,0.2984801927445745,0.054260680832190884,0.0074690215929610095,0.00850528374467652,0.05657196988724759,0.009544567095170578,0.006427703772124068,0.010030216768313786,0.04660507895999759,0.038299840828768854,0.019807042576907928,0.0016812778096275765,0.008020999199698816,0.006240141942306259,0.053123980719414154,0.10921317456176773,0.03619675002221615,0.037892360321985834,0.008836948666360393
96,0.029169250453689934,0.13858468400989982,0.014248531008876188,0.044222974131891093,0.013633489834628011,0.01392639658245881,0.023552059436150918,0.12313952604360158,0.012346069192084783,0.17949553336752624,0.03417661884222118,0.018707105328835242,0.006433053504964937,0.009412813274495675,0.004307660658751693,0.00949159827345023,0.016231402226654524,0.2492255507329067,0.047159447055642296,0.012536236041270167
97,0.047451155795324954,0.019119143751274728,0.016369457700964454,0.012480907262576255,0.012787665309585017,0.021347764890563604,0.021168991017852103,0.03882232192955159,0.04979538613543869,0.012127479792785795,0.023918860328286138,0.02901373397130442,0.03868817862989289,0.031197611530641906,0.007195167931809782,0.2967792030791205,0.24230884776516615,0.03237308543591408,0.03690955625503101,0.010145481486915997
