site,A,C,D,E,F,G,H,I,K,L,M,N,P,Q,R,S,T,V,W,Y
1,0.00019700309796436122,0.0001619267801791096,0.00022451067499138272,0.00010045546028355231,0.0016844810321975997,3.678721215816757e-05,6.770876238072895e-05,0.002261729362701438,0.0019186752206863987,0.0008742449580268155,0.9870184396189676,0.00024156836598734617,0.0005241915423342844,0.00021726199455435058,0.0002452207945339235,0.0005412561744293125,0.000627566845443573,0.002553677202595339,0.0003665133465425425,0.00013678155304209182
2,0.0007444822428087061,0.0017156188572247733,0.018170282560310017,0.6054321612922019,0.003118887831485034,0.002931603741011384,0.03539564901679163,0.0007210720050050394,0.0029343369697276077,0.016461517652857964,0.009006686502930582,0.1729708831512937,0.00017231712084980755,0.0048204012485386725,0.0007580664609774881,0.04619019848239772,5.3030855236374164e-05,0.017143836529977943,0.001589902807042333,0.059669064671331436
3,0.0010560569626615398,0.011101555658803658,0.01050349239686854,0.0005046336284234299,0.03137150751792129,0.0007280209587727645,0.09218198315709375,0.017715908715754822,0.05917529885079878,0.01952857061474767,0.06496370154029184,0.4411644368927055,0.0015482163798840297,0.010876577143546253,0.21633533004594654,0.00044495461737637096,0.0014888655582331342,0.006359441020465935,0.012864185935130902,8.726240457332706e-05
4,0.0002946866858629068,0.18401120925343015,0.0043257255329249315,0.0030759100511568555,0.0001899179607918514,0.07083784563379797,0.3926011907610989,0.174640326591321,0.00024811784546336323,0.011661324265480224,0.02277135262181714,0.09767759336273293,1.2313674101632992e-05,0.002529637807866081,0.0006046507829905279,0.0024702250015223586,0.023375778608800784,0.0005294229741250448,0.003743718113732709,0.004399052470982562
5,0.2536512797332202,0.3316159213975416,0.0004710339979666132,0.023696079621829062,0.004220835181427797,0.0063908827925199,0.0072484913944326195,0.04789649527003379,0.06021006949795432,0.021169125361640267,0.01192458709736843,0.01069146057117126,9.889003560529264e-05,0.04467584696299343,0.05799779280459911,0.08999302358044235,0.01544165157780032,0.0037213672133073286,0.006652450530891566,0.002232715377254747
6,0.0071438205457514375,0.0007469789854866737,0.0005178674248758832,0.017284384396422596,0.0010720101257060738,0.0012066340460256545,0.02487559684924039,3.6104381066221165e-05,0.018060909070839598,0.7585248571200401,0.00010860195881166293,0.0023894889071609244,0.0003250713623822959,0.11459898697072216,0.005315730845952811,0.0027473205778873857,0.014483713950239287,0.0025430792556897664,0.001043979511606061,0.026974863714093064
7,0.1300214855215017,0.039049821420380056,9.157390564436964e-05,0.0008670121352504243,0.2556017512532487,1.1865455223299148e-05,0.00011184984837906719,0.06621590868996288,0.003580008990380673,0.28293865379801725,0.029367528358164273,0.0013704885982541812,0.0002953235169689474,3.0647309407686456e-05,6.546185636745553e-05,0.004040605102752115,0.05605605057928201,0.12022385956337703,0.009853276011980383,0.0002068280854574296
8,0.006951712056869078,0.04325240242445975,0.0012371380229308263,0.008009108966469398,0.012721495815406398,0.0031043501321747877,0.0007793962596268403,0.6617287461551336,0.00922796214534489,0.03745409546620057,0.0023340754221881452,0.0009127223208114689,9.327878542892457e-05,0.0034866614754580586,0.09175534112516137,0.0017386631223318754,0.0027234237691446685,0.07771351273621958,0.0011502859236251156,0.03362562787501452
9,0.018607307001503273,0.07819581820421144,0.036160018877740334,0.01844955283453503,0.020926157337797527,0.0028414203357364195,0.00030966209287687464,0.049714362365240336,0.5646070833369731,0.0020851818836546488,0.12497702196628496,0.0037347290864070083,2.9242333912439778e-05,0.000399359920670962,0.0006965696684571646,0.015169028209840611,0.01102434852684997,0.01914421582788661,0.005095063101329101,0.02783385708809212
10,0.09632501831200489,0.03131262970291935,0.0004447821392094464,0.00950421636564957,0.06790920252900444,0.038791041082662445,0.07484896943709309,0.13883842799517862,0.07712454384523397,0.07094845630784678,1.3019638941281057e-05,0.014719875544516202,0.0014135845904538113,0.020227353913886553,0.05320427923252023,0.09573812573944684,0.054395627797228875,0.01701722702541979,0.1084034569489315,0.02882016185185226
11,0.008748967973365064,0.03916954267729866,0.0033534057768592005,3.4929672632407784e-05,0.042001050047378564,0.00020258014939220382,0.03632660583378773,0.17167752545461407,0.002260441253965862,0.14534676680631445,0.3780352065705111,0.017063419898047803,0.00032847555779579485,0.013323437304695653,0.000779309331611434,0.07170783124071789,0.004888213523241936,0.05359200499111528,0.007169331660529039,0.003990954276125713
12,0.027820215671562426,0.014092737666104475,0.031369537911911785,0.019266057708585995,0.0969633285240326,0.12553660081572932,0.09094161893415689,0.007227999999400219,0.0005104933973547989,0.07930689795460784,0.02015644049646689,0.05103262460971609,0.00027607508024281286,0.1326375835420048,0.003817020019715014,0.10429635133434356,0.016644392856729685,0.005787698490835374,0.03877826419125285,0.1335380607952466
13,0.0518453863383878,8.522525119397075e-05,0.017237745369541233,0.13433040796254234,0.10508864178720809,0.05505516973564675,0.013161265437874681,0.014727995447867662,0.09317591822499001,0.16173457509179148,0.01683529682026066,0.0044217831442979975,0.009164807716843871,0.20853676526023962,0.012748941367846546,0.028008294719088382,0.0012781441576933611,0.01667023783485956,0.02411075202065263,0.03178264631117338
14,0.05836004335090447,0.03350359607824379,0.0005799263076603317,9.299634139300782e-05,0.006693453625477567,2.4667820908314333e-05,0.0005782328741202412,0.0001993924009980054,0.0038121685233134094,1.965417722291132e-05,0.007220550115243092,0.625623562676582,0.00947905738458226,0.0001906709931118688,0.0005234874300846036,0.23643935330693644,0.008389939766509888,0.0014292732751927887,0.0018282188184888949,0.005011754733025955
15,0.03187152412889264,0.0045582634177536475,0.00012027902423341887,0.001988819485734769,0.0002858508593396054,2.2493098765874558e-05,0.005059077012862135,0.0002012232338081176,0.007941124000313018,0.004995266750762295,0.004006022137077041,0.000717002808933253,0.0003349910484197419,6.609498115213368e-05,0.9227766639488468,0.012528437420535644,0.00015786528973703453,0.00016825348980632475,0.0006502788059935148,0.0015504690570330663
16,0.006251981567227021,0.001144699439788337,0.0003253090300746559,0.022262192620721967,0.010102831222149822,0.002818553710054744,0.0029040345963451167,0.02075645608626508,0.0021880236760858426,0.0094935191455653,0.30132719242362566,0.016295702306549812,0.009897915766974432,0.095721144656336,0.004087803131408932,0.031808181856550745,0.39377470922598967,0.0003732761486052596,0.016055160427913655,0.05241131296176812
17,0.009739056575307686,0.009210168016345926,0.00011343383191578281,8.109591771615831e-05,0.00019888028438868005,0.056172125298772344,0.007818992693005814,2.62143433353844e-05,0.00023212482786418652,0.008740504213354396,0.0003213111669530443,0.0024871576446171477,1.1792585969469688e-05,2.931233103182522e-05,0.862645854371008,0.008811153736176292,0.015263424119044439,0.00016667415152997063,0.0003793148677822276,0.017551409023881106
18,0.001710001984361673,0.0002342945290521431,0.002876422241524505,0.9673855410950476,0.00012023732800193858,0.0034325602896098178,8.254215996977078e-05,5.646021561474339e-05,0.0034496336610255313,9.38170604263673e-05,0.0004907744860124993,8.466874486113934e-05,8.887993812715295e-06,0.000432549395970051,0.00036494731775699597,0.0016930597541486962,0.00014914364901663765,0.012397463206017688,0.004743661436869863,0.00019333345089982888
19,5.016887822976889e-05,0.006383484273237935,0.0022622031923255626,0.0017150053043119482,0.0007204132767545207,0.00012981453131860325,0.00010316019610389137,0.9056138793894343,0.0015258561365377203,0.00017842219012627726,0.007212052056007112,0.0035408328553676997,9.103819523888801e-05,0.00018284510156352175,0.001599755670160264,3.5973062577199827e-05,0.007542930379345704,0.05509091202114588,0.005464570566772616,0.0005566827234406154
20,0.00023196257939648476,0.0917736960873155,6.846250578933294e-05,0.00017765527201754454,0.027054907702223876,0.00027541640352337813,0.0005263542837342349,0.03750614237340162,3.725899732806527e-05,0.758839174950889,0.0368859773049099,0.00029966482291582185,0.0008364348990281959,0.0014801530077473762,0.0009658842155135824,5.3889026294868035e-05,0.0009141273991368432,0.018186946455113765,0.001611777737599021,0.022274113976121536
21,0.03631224875346617,0.012113529389314889,0.19128920920602402,0.09538494757442983,0.22301265723743519,0.045991732414581495,8.530877553415502e-06,0.06357582334171796,0.0007581310544178671,0.040542964138027195,0.026964478643552475,0.04963957189852726,7.36315806250126e-05,0.0005362592028917796,0.01607438649961451,0.04909822334967554,0.12112756212122111,0.01767568317790253,0.0019238558814197724,0.007896573657601862
22,0.03316950772985399,0.14963638383558397,0.049072574011562245,0.014130566310199249,0.0756153395812018,0.00523548341710075,0.022298303476351398,0.19821656744787478,0.029372880089403326,0.006041148225412493,0.23391730998356128,0.002615538849746452,1.0425263332981407e-05,0.011677843377659619,0.009363582902012507,0.010866396346604306,0.02069396141291953,0.0461697346745916,0.07649973415872964,0.0053967189062982665
23,0.004089198459627109,0.08350308658142108,0.00026956514800086676,0.001137285402319163,0.07287537594493299,0.005770772822323585,0.0008272437820886013,0.019500710904641897,0.021708959787159053,0.0003693301614759346,0.01240664922633641,0.07636706024605287,0.00025701496696086307,0.02075761805807737,0.0031439801866887107,0.11554945110543581,0.49595623021726926,0.024682125854419548,0.005824671735939791,0.03500366940882911
24,0.050162816186504935,0.0010246252999252673,0.007288052916826089,0.011090352316635375,0.007396552775110508,0.09514736015884727,0.030562693824833297,0.01531040310161801,0.001612543999636609,0.00015129782338956524,0.007216657399827411,0.03908636489846787,0.022002665151813917,0.35772717339128574,0.005854900976892228,0.0010259445244202576,0.2844322598361846,0.006715713852874739,0.05597835522986748,0.00021326633503872974
25,0.033004577119108654,0.0032094605787882998,0.0001870435014104689,1.9623593573876975e-05,0.0002739539515018925,8.61367661059497e-05,0.00028328524550334485,0.13000621076876429,0.0003770697955256437,0.057848814336764816,0.010707703930000296,1.7088747269507378e-05,0.00018556434117462424,0.0008053747426440705,0.00024580730183787605,0.01914359937064382,0.49441449469566406,0.22772298272156594,0.008236807051978831,0.01322440144017378
26,0.0003005930926113159,0.0017197348064646617,0.9397884833581506,0.003436389563206474,0.00014509461757346618,0.0004891831408756443,0.0022963046293121947,0.009950602844591795,0.00014837271150786865,9.22176268417119e-05,0.006766817199111496,0.027750272414465423,0.0004591317227718372,0.00011868300415334028,0.00033825363572709076,0.0006635153834386255,0.00020480995313045024,3.258512225270259e-05,0.0011206918106255207,0.00417826336318776
27,0.0076303462203834325,0.006054627756151716,0.000963895787732845,8.129081362552308e-05,0.00018691076816078393,3.853492571127533e-05,0.8680735067836763,0.03278488272328756,0.0028921450323698998,0.03888162899150445,0.000954696590645968,0.009912063945366876,0.0006208228703721457,0.0040872350879763205,0.0006436847187848928,0.0005547908654695319,0.01721866219681075,0.003943416077157607,0.0010874098578528976,0.003389447986959067
28,0.0007440164152986232,0.11661348795933117,0.0002622109791096018,0.0016250371001071112,0.007078111131984305,0.014333362473597665,0.0013683661536701558,0.011849470599562515,0.03049008607554235,5.401378982621051e-05,0.7535945801695199,0.005306170219686933,0.0011140668071179655,0.017972569589248893,0.0014280984169695783,0.0256259294738793,0.005038037145785145,0.0028654549477634696,0.0024755578140225063,0.0001613727379767361
29,0.1395456974239829,0.02748390337052475,0.025542331523618813,0.03203542115881189,0.03802677623754061,0.001597402342241472,0.005763295503135614,0.002667910921847913,0.0026269316790740378,0.091728391970416,0.024834374831125782,0.0017271635713439202,0.0003627633144249529,0.019185900142444166,0.0029095351624241835,0.017574590368714046,0.0027299217263366264,0.027898070781948104,0.014477901514819523,0.5212817164552246
30,0.002220492755727921,0.17400667970325567,0.0005701002748768785,0.00013092174732343172,0.0019980278107101326,0.001515042569115641,0.12079952574759872,0.34544698340715635,0.0014120011250743842,0.06942632047197662,0.1416059936608969,0.0007773926775028506,2.991684720875863e-05,0.035829103698533406,2.3425704711725105e-05,0.000857464032037972,0.018473573430765892,0.0466304726790178,0.03806512108621046,0.00018144057029844825
31,0.0019342468748221068,0.04066023422481195,0.00014304297366727418,7.893228846708933e-06,0.008596904842587759,6.059813149779681e-05,0.00046721921953197365,0.056673455129922855,0.00016288979124545736,0.07191974589869163,0.014798814825235299,0.00435488554045966,2.3632614946177523e-05,0.0007287714475487421,3.76172885606592e-05,2.6617973883165585e-05,0.022328616011065547,0.12131723662601643,0.012293673623933167,0.6434639037327257
32,0.052448102760458186,0.1398697002753199,0.0011811097567290896,0.0071918252005646185,0.11025351831119276,0.05800656738924669,0.04050279489165869,0.0008185629995730722,0.27205075233200016,0.0039799678487458965,0.026924364959613565,0.002205114737894265,4.887139189546357e-05,0.0011235534708757405,0.029083828692593527,0.005809476769141606,0.026891134655922227,0.051891596073402685,0.003375174890974878,0.16634398259219718
33,0.004507396774634995,0.0026765552699915926,0.01714569348039319,0.011695206573930689,0.045898354331073324,0.049836105191202046,0.015698970662102768,0.006107527220597041,0.62052724608508,0.002067991119156811,0.050334630900597296,0.002791510687234241,0.0019487263374878873,0.0014812190386728635,0.127916806397183,0.006492219829940371,0.00026901653216741464,0.0007809460843527854,0.010338939995268104,0.021484937488933525
34,0.0018697560258948097,0.004637335144424433,0.0023996299073791067,0.0026980547831558788,0.026153298276609203,0.0003307326005107742,0.08227677900839085,0.007336262293989154,0.014413244606800872,0.003570489314656946,0.09618771638275542,0.007709517137630015,0.015353812543134825,0.0016057994388094037,0.0021183666038955924,0.003925079683136342,0.0020041399041897,0.007889400506334259,0.03008060613458785,0.6874399797037145
35,0.0076518203260923425,0.00975476435134163,0.019690955044192097,0.0010922883295531956,7.503276092276206e-05,0.0019950999646258837,0.027087468904100565,0.0025314947321256895,0.017142571123536298,0.00027363783817631565,0.0012959632441329422,0.10924770904823859,0.0019767644490685547,0.029929412762894746,0.014518211255139553,0.18217805976813073,0.5644012837508157,0.0030150015197142792,0.001522988640818048,0.004619472186380052
36,0.0018188954032972986,0.0009062582630130148,0.0013839840583144847,0.00028277157291419885,0.017839604760087835,0.029091093622322244,0.020398838623269317,0.30368675524463357,0.01038745707027902,0.0383969062934727,0.00706703035844453,0.024217039410226442,0.00013876177513878245,0.08817533588916535,0.0021111291260807676,0.3694329996422085,0.024918072129227302,0.001950078742319778,0.05747364971187782,0.0003233383037070664
37,0.012406723621142467,0.11013460006946495,7.160077564299008e-05,0.006619245443237321,0.12799574591998397,0.12309316170009242,0.030448390017400778,0.006861146645378731,0.06281673512339041,0.10418650738069596,0.004444687857409364,0.017552717145982104,0.00019877397431251778,0.01037698982052829,0.015173621702647569,0.008320539737695722,0.0030593442365459563,0.1985289609075315,0.06090188425593295,0.09680862366498398
38,0.0004835564953236598,5.0063920758435376e-05,8.724255381938814e-05,0.0018290942462990288,0.0010171705275684147,0.0002515568422832001,0.000266916084375139,0.002231245788324887,0.0018279762952991584,4.732486025393033e-05,0.00017171970993866244,8.751737791433853e-05,1.5303235385731894e-05,0.00011394295150009496,0.9896098079700684,0.0009690677840687071,0.00022882434921598388,3.676669748435187e-05,0.00023242777887625906,0.000442474531242308
39,0.017919906636062022,0.3892220681710051,0.0024830027520049607,0.0005321386941785424,0.002081612258666511,0.001052176705555052,0.014609774372311899,0.1125835540181756,0.004087599802785382,0.030323857489457512,9.856833462137994e-05,0.18116499999701802,4.3585366607977676e-05,0.10089130824384322,0.008691994260566147,0.07189300027918442,0.031109711930424482,0.022420672130553487,0.0038037894729004533,0.0049866790840777464
40,0.006651590862464377,0.027346698559251842,0.24634259061024355,0.6148122413018662,0.0014786125371508442,0.00442547472934951,8.013627939524222e-05,9.761297535321411e-05,0.04327798295221072,0.0005114905425176356,0.008546114403334268,0.0003161704416558122,0.0011020705157748563,0.0020578163207097284,0.0010039010074659376,0.006575167179056776,0.007628185065557991,0.001405271426783957,0.024792808745902586,0.0015480635439550359
41,0.0005477929933742527,0.004291271560906053,0.003757130824074168,0.0022088029743871362,5.973317805599607e-05,0.0024796767346720607,0.00017323912660637358,2.535414274138332e-05,0.9627668075036332,0.0004937482618407265,0.0029815869027512367,0.0029852764918505636,0.0015888955729123496,0.00013532468249094517,0.012873922798923429,0.0006056604788871137,0.0003533615970772614,0.0011289781990055001,0.0003307665469772178,0.000212669428833022
42,0.04419865146956769,0.0023142837847624637,0.013370442024914563,0.0035703607500690714,0.00017610973029325345,0.00030143203290348915,0.0020460252457219982,0.001714900144099691,0.0013675033232986495,7.539788581232739e-05,0.0009039319507327116,0.823995873321168,0.0010930077389577017,0.054232993045926464,0.0007526491660505639,0.03317000587270517,0.000832469833013078,3.449173769341243e-05,0.01014855886470755,0.005700912077602116
43,0.014836351073459474,0.006360103470832296,3.521972773860076e-05,0.0025559944943049718,0.0021862498836305744,2.051609010325753e-05,0.7255932235035346,1.5035833433765138e-05,0.001212406125537839,0.0003642854281682677,0.009042988718722429,0.0008556453804522402,0.21990038811113813,0.0008519907130586444,1.6800329043959057e-05,0.005391767257356744,0.007403877962720319,0.0008017944534121567,0.0022981559831885805,0.00025720546016308953
44,0.441654381841335,0.16638499435228524,0.0031432745410764386,0.029119604759476884,0.03187297533776796,0.009110121636118115,0.012785339353402116,0.015671687489526003,0.0012185642897329222,0.012558280355947051,0.16424002842981625,0.024572800098908797,0.0002377109397262932,0.0038164640710833496,0.0054871375953390545,0.019183300156417244,0.056000820631993624,0.0023547073754177864,0.00047019990558653363,0.00011760683904314395
45,6.620448592628752e-06,0.034034846575065975,2.3309846526906316e-05,0.0016942541542549884,0.006343542108924195,7.517680152895792e-05,4.856210148472026e-05,0.05081475490833142,7.960817947994497e-05,0.28197843140043916,0.00020175139747304275,7.833590914619698e-05,0.0004064807384805027,0.0002600383489965173,6.381215682944333e-05,3.896705765986648e-05,0.0027220744439399127,0.6207682332518201,0.0001430594271022161,0.0002181407439233963
46,0.00037707717304109477,8.537295362325825e-05,0.00016908755911050077,8.367276595451391e-05,0.00074667958522171,0.0007442030271844555,6.619105664432368e-05,0.0029202614608654295,0.004388147753511211,0.001457389374508597,0.005481032971907288,0.006579578602171863,8.380115337087875e-05,7.630149946664064e-05,0.9444879620106968,0.004833083934158366,0.00031489571743656403,0.0017162535685079192,0.02532051111345718,6.849671916143837e-05
47,0.011736035007576112,0.15185497105335918,0.0002799821497498638,5.652981174389044e-05,9.192593922597787e-05,0.00022282306863267485,0.0011537649628549187,0.006545449530122043,0.0013967383138197016,0.013987683454532157,0.7941383898431549,0.0010322884860868803,3.320273894766049e-05,0.00817872825172466,0.0006643734619149425,0.0002435429250343668,0.0004728109924882911,0.0009913322750533973,0.00022535719406039544,0.006694070539917966
48,0.0018369076905067993,0.0085954348513251,0.00099059430591637,0.0010278314193124143,0.04946784445158171,0.009493970373504778,0.005234395509967695,0.0312936245444642,0.6995177461972816,0.001725571368746261,0.013684058165499545,0.005269173807377913,0.0006310552278951018,0.06322545352197567,0.0025148883789294827,0.047050404115201123,0.00319861781503616,0.051636430705008694,0.0008180510190775665,0.00278794653139175
49,0.00014771597833081537,0.003912747500692047,0.0003074142218567904,0.00012680000311886063,0.0009451859348458304,0.0036982048773810585,8.436997446287686e-05,0.002487406976897118,0.00013258093154145133,0.0029559094976159273,0.0006563710297758126,0.00011527307538622095,1.681090674429601e-05,7.028468929738281e-05,0.0005766283002519507,0.002155956018280092,2.367238260900296e-05,0.0033745948372026742,0.9756423381693382,0.002569734694371575
50,0.0009773892909485985,0.03785313946827405,0.0021965995061855566,4.636318643981737e-05,0.7466391171986837,4.727078613580743e-05,0.006978324773702171,0.012200544624735014,0.00015469369305598366,0.017355123737913706,0.11442629289955043,0.0006136988387694495,1.392427148038299e-05,0.0009906016816528993,0.0010186561684981418,0.0423224161497668,0.002057988936714009,0.0017797733853026532,0.002139353726552993,0.010188727675637933
51,0.0007423703680880535,0.0028389225784395404,0.0003049973840351378,0.00032129430434802336,0.016200453838685975,0.0002734016348283148,0.009944306033576664,0.015011191186023615,0.007432163135471225,0.05994611379795641,0.35538179735421277,0.0011801114483885853,0.00024165528295051696,0.47455761070278607,0.01341887124624533,0.0048691723858666795,0.019144429321690394,0.004650160919060801,0.005948673782923314,0.007592303294422631
52,0.2744947421662199,0.16787444803235307,8.889535630874937e-05,0.023800987325035522,9.288109043716594e-05,0.08457050161065412,0.005324959713247248,0.00019143121498802482,0.007286994424442335,3.3364593654774625e-05,0.009332412762024907,0.041432650685080945,0.02664390925140966,0.16073121512551816,0.0023261412912796544,0.019736144975035532,0.01434330013839492,0.15294157426822289,0.007064952577909387,0.0016884933977829653
53,0.1191057208726079,0.027424901055418196,0.0012586580980008463,0.0012013788088038066,0.00428472919806205,0.20210875246448412,0.01846992477581334,0.02298765128583596,0.011320949948334708,0.039230435906326425,0.17129187626154813,0.0023301299471067912,0.00048351018616543906,0.01642932481021706,0.0006489793643626316,0.053979023346290594,0.005332152498307572,0.006805750387182705,0.0015430069052026177,0.29376314387992913
54,0.0015872916294583756,0.1608619558800849,0.0011570401021879914,0.018118896236003778,0.010370821739476265,0.0001032956540133788,0.00785977354210115,0.02719342517193554,0.4558738166791179,0.0016571154468689286,0.12718477460152366,0.0017945589768854498,8.711358029645633e-05,0.01988159902686599,0.09368286624585974,0.0009733522514658516,0.028756319320972827,0.015931764110189893,0.0010563508240078608,0.02586786898068423
55,0.04496500214637255,0.03371189880850423,0.0004259513875456972,0.0027373660906451027,0.11527703619448026,0.0010967924888076442,0.18179049499311326,0.0005926538841400521,0.002423853134835391,0.05775118802453587,0.010368023888459735,0.010019420232316929,0.0007162428732362535,0.008411190993448985,0.02541515331277368,0.02547937282717428,0.05664088556435198,0.03209488653176349,0.08187180126769003,0.3082107853558046
56,0.0108941656740976,0.044126871192199886,0.0014906327079353202,0.003892459685437032,0.0007460540181013753,0.001455333906616103,0.0011532907425585894,0.09198741210571039,0.0002028582581929618,0.0013233832555240687,0.1331739032193892,0.038461150361358415,0.558317495625783,0.03167511634035921,0.0008115717969616168,0.026143470007201512,0.02936752688705123,0.019707932128984102,0.004497246756736155,0.0005721253298023479
57,0.005771427196926739,0.08654077972447896,0.0002317256441361038,0.00026275294315732383,0.006255664167744044,0.0012888302856342065,0.00015734145423362624,0.2696857132500528,0.00020801795537262884,0.21787679835202584,0.006817843771567123,0.001943083087675254,0.0005198075692997046,0.0006563040188517718,0.0002866620330675993,0.0005626064369194361,0.0006467855541904036,0.3880361547754886,0.010404114472520353,0.0018475873066572952
58,0.03772318597279357,0.08479920169777015,0.0014408889658727947,0.0002619624202155838,0.00014673642803862067,0.01945691317406031,2.098314815251933e-05,0.003997017299559912,0.03637378899073665,5.927561159026772e-05,0.00041763255674677545,0.0023703438341656623,0.0009506123013986905,1.6010090652705822e-05,0.007201622842361678,0.3647958152586683,0.2744031470564389,0.16174033858997078,0.001709977437393847,0.002114546323412304
59,0.6252121653684578,0.004400512265228637,8.246384124338924e-05,0.008988801656871602,0.0016525564330190172,0.30437223845946443,0.01000762812622152,7.560557605117611e-05,0.002393310026617717,0.00022177878410178093,0.0015479189738336666,0.002014659318810521,0.0023952505261618648,0.0005975936185306404,0.00016134936940903678,0.009286153512628115,0.015462331266294189,0.0005155975268556636,0.008391605996542493,0.0022204793536565828
60,0.0027889764660043613,0.01009283103344203,0.023886435936452604,0.004918065339930588,0.004216661743132192,0.00687955327484749,0.1856883255523493,0.0072566397409317565,0.0037401131278957697,0.0023264480025036766,0.16316780330346645,0.02190492398657745,4.819171639547244e-05,0.019365986254651447,0.010720192579691222,0.14310746982066258,0.05020004195853219,0.20373558320339763,0.11521598035001854,0.02073977660911728
61,0.0071276718672064684,0.3855241301084344,5.2960338017925615e-05,0.027213378395292382,0.003984143252803072,0.029285398290159803,0.005330410735161036,0.0012670766855774728,0.04595008878082136,0.0008883176097487353,0.08793426222774987,0.01988390466694223,0.011035020553763812,0.05330906978435086,0.16430039570625138,0.006837101960095935,0.006979052893737017,0.010088559371348243,0.08520572999960702,0.047803326772930914
62,0.0025450944603726,0.0036193676604213834,0.0018346898775645894,0.002366363516074104,0.003539394554599732,0.006590315228129159,0.05329771431508693,0.552761408677177,0.14879242225577946,0.0075058565149884165,0.005519029239375112,0.1599565452948516,0.00248808423181657,0.003266469660255314,0.026610649904569662,0.009022297482115634,0.0014072324473649494,0.0038484326094227173,0.0044884707336198095,0.0005401613364149914
63,0.009635666274974933,0.08171046476894864,0.015540954067825756,0.0027850250295995732,0.0028145530222947837,0.002618745736662499,0.0009876027602460447,0.6685944447960936,0.0064660662225456255,0.08118471826021906,0.005107870301154491,0.0017987691541354186,0.002184378709770827,0.005767471598687773,0.0497013136884725,0.012263472221366709,0.004799217340037774,0.04393008907474325,0.0002831030023854727,0.0018260739698351485
64,0.027490727881727597,0.12133510205150173,0.019030824026079668,0.0012880142362945862,0.05536813743906878,0.031751722948139056,0.21763819302196977,0.033995217387766924,0.15310377712637344,0.007470348130518246,0.027199860188990278,0.0547897983957878,0.002804437328122192,0.038261451901198784,0.047444059544259856,0.004027527155892763,0.034481061053002054,0.08545829174729729,0.004021588255213322,0.03303986018079597
65,0.012764321146698846,0.0058202580167160895,0.030123611864139213,0.03987538314100757,0.03660793436889882,0.020521039630452455,0.09656818491272583,0.013711525965319825,0.016306200983733917,0.0291714527523293,0.4133418065080699,0.00857309215121414,0.013155414107925228,0.02317777632826038,0.032505583606500785,0.01737004690503455,0.0023785132839173892,0.03413483812949689,0.0009822125485888058,0.15291080364897003
66,0.0012565484229853968,0.04389072599357743,0.00583474732272376,0.03865506406817894,0.012778551789071377,0.0014236267391257804,0.023495864437534403,0.08267956402498201,0.004063575661161737,0.3010091564634289,0.041214672122459474,0.005708100341162759,0.0015040077077762223,0.08874829609431525,0.003188129329404528,0.0003694891046602812,0.05525652461888373,0.2101089230054827,0.05043585590855275,0.028378576844532565
67,0.13285112987118525,0.007337597973302642,0.00025714229230594076,0.2717459050294475,0.004455376460311272,0.001266110107294781,0.002010160900211379,0.22668446170777076,0.006800517119345257,0.03740053157050632,0.0428223399262269,0.003262257890010065,2.9608642282898006e-06,0.03817033028095152,4.7227007012337034e-05,0.029440167462095556,0.08830521198216325,0.10156678289302744,0.0023281459500919567,0.0032456427125115593
68,0.03666894843395747,0.2613544780014669,0.009207693535517527,0.007171823658967708,0.0021218324733907785,0.005126280396565383,0.10819607488329189,0.0010953838486222657,0.00022181715513204585,0.000888291604552257,0.06636653857112143,0.0947991463927301,0.33163887066299785,0.002974143289081098,0.013027072449697842,0.014939685265490627,0.02582733752333575,0.015696122390882142,0.0006850151507746964,0.0019934443124241977
69,0.016973026604142887,0.006581400181653895,0.025149963228232416,0.007930681295128283,0.011874401043339047,0.11332251169831734,0.05198621102080946,0.0027238390740106184,0.0243382317952848,0.0627796889247587,0.01722517482515407,0.05570691393958613,0.0033662303726212065,0.16849951571737729,0.015755924446582917,0.09910710134007913,0.008733428521280761,0.010291593356906195,0.2820211269935385,0.015633035621196435
70,0.003229887737530528,0.007782674692700054,0.005326336021838717,0.002094601322384955,0.024944813914182972,0.04566756648976278,0.05651584146493418,0.009631506542186512,0.0006596083867552394,0.01270825784105335,0.022126936830703284,0.021073398129304578,6.41563543433776e-05,0.0700865595739659,0.5745202202268647,0.023378395079362468,0.008515161171193782,0.020884442680165094,0.08615480848500465,0.004634827055762762
71,0.002180837552343767,0.13774757606071578,0.010040455080210993,0.00015652623377975482,0.0007126205176842431,0.0070053579915804794,0.0001376714421025477,0.006385817118546491,0.0014454856955454724,0.005750126647485645,0.00030646461628407455,0.739019289848029,0.0004184294769821821,0.02286073462072654,0.00047842495369421217,0.014141189461270446,0.04008792855742963,0.0004084848233964939,0.0034124323089576576,0.0073041469932346075
72,0.093929322613969,0.06374039469631261,0.057537810011243036,0.13203188696518103,0.026269048642454048,0.19020148226455058,0.06129118702945305,0.05230270432880082,0.08754459337440665,0.007166248605103755,0.01821554212900983,0.023277499736496884,0.031586276394832094,0.05451898048949563,0.017092554231606844,0.028803918030723304,0.029904252416923106,0.022056824925020396,0.00249368275620412,3.579035821323112e-05
73,0.009502319316148243,0.0010955763722453333,0.005923726353258932,0.0010002244911758963,0.003093519735122225,0.028283529342274415,0.30874571875891643,0.005901371682044653,0.42311234552362176,0.00295970620039214,0.011672072424076725,0.0023516775634887335,0.08667701820059001,0.055873734358025305,0.011403983177042793,0.008581774861893755,0.021291278710187024,0.011056719498923156,8.805053123038685e-05,0.0013856528993421396
74,0.003325654156691699,0.0016922325603727988,0.037634846953733085,0.03207004886910976,0.06230874120159882,0.02589102129077218,0.009201209491886821,0.0023712644796504913,0.006735784518805402,0.06637807755022444,0.1571642561138895,0.00025487245601070246,9.912941183584565e-05,0.025697640330716535,0.07726080239291855,0.018395193596803378,0.01330377174922859,0.07119302600661088,0.3875546902464016,0.0014677366227387606
75,0.024943153852590036,0.01309240468019406,0.021052108680337037,0.029560315783728853,0.009999836968133002,0.023113667046348863,0.031073694527931055,0.015554874992129724,0.03168666601783872,0.06149290562925777,0.01960320787502662,0.1493589022459715,0.00015936386713444174,0.09748285372178933,0.03052610037456964,0.22556271057479071,0.023967823056926057,0.04799806447632149,0.07802758572608715,0.065743759902894
76,0.005409281669434728,0.0008971052761572935,8.755652577863912e-05,0.3919489947093204,0.06659743607651468,0.0023070146509367832,0.04068986690506322,0.004579170290262433,0.11672591340141573,0.0028730937732835147,0.009751923622814818,0.016957060190645534,0.013389145058753228,0.025921756925677844,0.02217942441195241,0.02160769454614447,0.02305249857192627,0.2016374963304608,0.0029787270105014504,0.030408840052955764
77,0.0016266327444756465,0.0038374855338081126,0.00017743304581517653,1.0719467306192293e-05,0.010617604522334675,9.592733629652904e-05,0.020966662414345295,0.7277014328207578,0.0006874180472131713,0.08489574356984769,0.065298456385107,0.00018679858326025697,0.0005980896398113276,0.023362278331802898,7.038374010182723e-05,0.00015957818404600463,0.0030115484841914276,0.05008514970723442,0.005239219903348291,0.0013714375388964334
78,0.008388587274291934,0.016333344747431477,0.00038012827626426757,0.00020999684821596077,0.012023807932623672,0.0006039768605801811,0.021736238428357098,0.008271546036965931,0.00018632616452569624,0.24982948088082352,0.45042434452000774,0.00011228762310383906,5.4099714976363565e-06,0.03682715142524549,0.03102717250448622,0.0012688400414314586,0.0006874330798712129,0.005794451475546002,0.07009662388268573,0.08579285202604497
79,0.14446848067744728,0.0032853097985981847,0.05666856698533225,0.0002550601226348696,0.001641031747518079,0.017215442404527416,0.0027007967236812635,0.024727491843160244,0.04069056566153805,0.05219783579244007,0.06677878801742752,0.17597209485648843,6.722019504707323e-05,0.00600874298169041,0.023853081177580747,0.1833520115818117,0.16263833154317986,0.019731107310175793,0.017487350495702242,0.0002606900840183417
80,0.04740679099660186,0.07270230715070362,0.0020350688534859452,0.004163654791595482,0.008104954835334762,0.0023014681988349174,0.3262982973697433,0.0013267128413932583,0.13074416172682962,0.001887806477752544,0.005641325703346788,0.05428972559313752,0.0037146017820068994,0.0033877747146141652,0.21217143166155505,0.0178766419635537,0.004394910915514866,0.0007494447188792951,0.022729703942067206,0.07807321576304918
81,0.003241029615442592,0.6503465099891245,0.0001545496642932386,0.009841704314605152,0.009000762831792906,0.00022044666222161108,0.017890845073369806,0.006344602551885776,0.003728736979878606,0.01021140848599444,0.022629309507461413,0.021155721255264905,1.8392467921982743e-05,0.02869116962091743,0.08723693503231013,0.006929874999665696,0.020618639384607677,0.06682824229829534,0.033397606445108405,0.0015135128198383579
82,0.01217273046537066,0.010267999955245003,0.0013135806916023686,0.007476109688717592,0.024315921232853994,0.030577486758461263,0.005908837482955365,0.013277598109209117,0.36445605849321255,0.011471331753507374,0.056007343232555254,0.009195602532849382,0.011665912065616056,0.02961890573542465,0.01850892718214578,0.058269563185438425,0.0556219070644947,0.11406229226352774,0.1473346925842577,0.018477199522555016
83,0.0002257209937727231,0.0012155889796018986,0.984135676874597,0.00025042341708396047,0.0006540386139352259,0.0007447663382311447,0.00036336786440081126,0.0009524558358189707,0.0002571976029752841,3.84025148024009e-06,0.0011057965806024873,0.0025829443457996005,4.229384836192579e-05,6.964579279910845e-05,0.0010320783716143006,0.0014293679174441352,0.0003186981717818663,0.0003658005538290619,0.0005538490125489967,0.0036964486333211552
84,0.7181264238486844,0.034079968689672946,0.011570311943984243,9.418066745922858e-05,0.03740363008180695,0.0006677373180319447,0.000287453287457127,0.0009186301893811147,0.0007708699549223268,0.0345815554188821,0.011508801130033526,0.0003497909416141005,0.0220778983987961,0.0016394149633037563,0.0012277231776734298,0.06867225194435989,0.03225943584881965,0.018899764133852144,0.0038769674637499354,0.0009871905975152083
85,0.04121029257961703,0.009798316873810026,0.0013877138878387828,0.02093351540766451,0.0004573677624437035,0.841007578180184,0.002637340463131255,0.0002455419934975632,0.0005180597604845496,0.0005546295385470309,0.002937093036667056,0.010049355486762966,0.009261996187084133,0.00013306694417060993,0.000285300047131534,0.03934898329950268,0.0026077099356040375,0.006307180286055464,0.0016296348599991075,0.008689323469804002
86,0.003406470475978582,0.029837082526563093,7.120598789282362e-05,0.00017221157364958697,7.011160052040552e-05,0.24417623245602207,2.4198385217992753e-05,0.002117854744953485,0.01504735331162372,0.0010258329630190271,0.004947564638257175,0.41337987305225893,0.0006245412466409334,0.0014003155609320758,0.003038001326484158,0.23627524515589307,0.0378620519120424,0.0010550275065107648,0.003493241904706723,0.001975583670833084
87,0.007924497614109285,0.12472861214463393,0.1052933474252911,0.05148712679082047,0.35259213368049674,0.00158365993767425,0.0020018658747262895,0.0026064519937574505,0.012673879970738464,0.03453310145912124,0.093410423826405,0.02077758956929344,0.0011117256898200746,0.002678092104824482,0.08930556909069888,0.019748716322346135,0.01348808339037805,0.00841636365986262,0.010980486436563077,0.04465827301843889
88,0.16422696006009385,0.005556465508492324,0.0017135351892083861,0.0017993873808232652,0.0011780517976182567,0.0012515726302449349,0.004159083913376952,9.166948444222878e-05,0.016117226259369385,0.008890883664828979,0.0032531353954123976,0.04170077574081239,0.0020175239967673026,0.06652442532745725,0.6721244004802136,0.005659659714394226,0.00031532683441925157,2.4755853832846036e-05,0.0025149915263611025,0.0008801692418311093
89,0.007317917540098731,0.15169868060044797,0.0030245965359282007,0.0027243479830195167,0.0629184360548579,0.0023016158376205657,0.05097122647668506,0.07844950513682807,0.02630055429281308,0.24420032372262093,0.06896103590208541,0.005633870900089808,0.0009417683226514833,0.0009526952353548725,0.14992662127234496,0.014882330157523604,0.015164908700449576,0.07824857822712758,0.0025308198785194027,0.032850167222933116
90,0.00039734067799994095,0.010304258999415705,0.0012662700002601438,0.0053332941620190975,0.000992085667249525,0.0002673614003733752,0.009586737639138901,0.017020382011601255,0.009161971142496474,0.5920395349085807,0.2413103827535918,0.06518250531459317,3.0401638926306257e-05,0.014310241283141201,0.003389476970336003,0.000570881200344994,0.013648920777482098,0.00813734273069566,0.004036556746620698,0.003014053975132771
91,0.005037391845863592,0.16899309095671988,0.00023429242768788666,0.00152312825847383,0.00010069248565486225,0.01252096792499342,0.001704618825336125,0.05477389425846383,0.00051982372986731,0.012231266002182746,0.01131811406991462,0.009613529995791535,0.0047839844198859765,0.001948259279190744,3.3993731868948045e-05,0.030978391242260903,0.1345313942031212,0.5395492053146806,0.008769988740807894,0.0008339722872339254
92,0.07089286168691464,0.004604397508072996,0.00013207990289505555,0.0021974915298757793,0.0006313030322724432,0.03872393298520989,0.2784959581173758,0.0001079450593075334,0.0004044435154155059,0.0009369732653500078,0.007350234631392808,0.01876646113949924,0.012408673461207852,0.0022700833944389784,0.00870687162776312,0.44632639555454384,0.10586874750335895,4.871136542089875e-05,0.0009537055622320562,0.00017272915745269676
93,0.10471796845419053,0.014876338081597077,0.022419049499229744,0.0023823043352872,0.06298541785998459,0.02419893512869262,0.04416565756127781,0.0727446133598467,0.0003599753991660134,0.002340118080963563,0.12049419206725583,0.006523100199199049,0.12379056222570603,0.014966598705040345,7.132853882558568e-05,0.055812420934041394,0.11892625009209357,0.10674331382055528,0.002105918166756589,0.0993759374902905
94,0.16162093637948216,0.0960858455186729,0.00379576448865229,0.0016205896225072501,0.004297748598114368,0.0034837396662432715,0.0006172143987243209,0.2061003606707391,0.04553293787426237,0.11670340201683485,0.024797199778950944,0.09483783968457923,0.008215907549354598,0.05365419877529196,0.018413691486679817,0.01463009933064946,0.05948832380711881,0.08386446674615396,0.0013585575705522092,0.0008811760364362547
