site,A,C,D,E,F,G,H,I,K,L,M,N,P,Q,R,S,T,V,W,Y
1,0.000807321725960877,0.0004734967874411181,0.00035744537689086256,0.00043448408594675813,0.0030719920375434366,2.7640374664056642e-05,0.00028213640675496776,0.0044244350385282665,0.0024369581075202023,0.0013798468258908174,0.9657723395906261,0.00015713432994488477,0.0009628165309746047,0.0009598593734240622,0.00013548363985855692,0.0011997993657867142,0.0019888489721670106,0.0073000192306077495,0.007550053606514767,0.00027788859295439815
2,0.003550767881013351,0.01744442801161665,0.025762335057182652,0.41041768036617565,0.0064587789886034795,0.0026368929741102097,0.04264314760997714,0.012750621616787075,0.0035506458587996263,0.000926090707170054,0.010397181204518834,0.25649335997146544,0.000881043456420114,0.002898477432951982,0.004563052821254482,0.008417591332323582,0.007988377986285785,0.028273844018098744,0.00716120831371684,0.14678447439152822
3,0.018323468018586513,0.0036588802794918474,0.00020864344020400343,0.005223233218363127,0.03703970126905235,0.0016575637274662033,0.012919797960351207,0.02496829088589384,0.08891105310606295,0.02698404666825941,0.14051029821920794,0.10273233743389672,0.0020737418415754617,0.020000569008061766,0.28282477198922384,0.0008666029465325146,0.09091498636818526,0.028703621885114855,0.08598005287226188,0.02549833886220811
4,0.019837869547110473,0.02831575764837566,0.016098135862101844,0.03359106062300222,0.002698289220244376,0.008898491454739813,0.056048958288381835,0.07954539344608624,0.0018585684696966575,0.027990632457043984,0.007270091288953659,0.0023823994009187907,0.0011825990475126632,0.06128511114121684,0.0001231177357905155,0.027552750441175878,0.5940805094736707,0.018082925810532304,0.012351227019016281,0.00080611162442916
5,0.006207617780196406,0.012691850036554339,0.0029844696459794245,0.027244995190154244,0.01613603231067256,0.0012001285069739656,0.023674133756344085,0.19270863153027645,0.08807125493504736,0.022515697860434336,0.009348905082223479,0.046757700182257715,0.001650897354354545,0.05723113700542362,0.1664834690775365,0.011174502655083327,0.07332848391535615,0.15362201244229115,0.0014183833805622606,0.08554969735227821
6,0.029286547106734045,0.0021791855604988103,8.512295629799495e-05,0.07011271738412303,0.09176241522025086,0.0018685739737321501,0.13976192431715748,0.019014830031847216,0.07573054729854924,0.04717065120130653,0.00615142390731499,0.00033188137679175087,0.006050990834065629,0.006557125758796248,0.2240560342414017,0.003228663990736947,0.06592112698471345,0.028820678933608457,0.03991825409594962,0.14199130482612393
7,0.02296358788981649,0.021395012103414237,0.00013817234045364885,0.003975103223431399,0.6360794650290403,0.0015611618298902775,9.440863266698919e-05,0.04893280623605883,0.0005725342329201083,0.08094383468519435,0.008809531184379285,5.189368174513083e-05,0.00018598093074457354,2.2072966432840383e-05,0.0001819954788373777,0.001189028753666611,0.14834668895848563,0.01856351743978345,0.00062106298361151,0.005372141419427021
8,0.01584471701799667,0.2086599416404535,0.03069588024560998,0.0031167734536597124,0.04104760705574132,0.0037881072946187966,0.0006333614721964594,0.04050793374873214,0.06718723455967254,0.020367735765204755,0.030875920849716746,0.14310489383348077,0.0007077228907332728,0.08326151297527067,0.2714741222355928,0.01087164158332582,0.003802772611363707,0.01086382694823497,0.00818528961145453,0.005003004206940808
9,0.0121409264022141,0.008527551337732645,0.024648034396797597,0.03202292254605898,0.01748590942782913,0.0029463604281111046,0.002341374499056365,0.00784272801969476,0.655601664454259,0.0006925061740761296,0.021361233171460124,0.035063448467815395,1.9072924247329972e-05,0.0014087856158604285,0.004070172692533823,0.11260248025710132,0.014128473855712025,0.009172611714677753,0.02519476070497062,0.012728982909791471
10,0.041016741485663526,0.08179231484465845,0.00563302172206453,0.05966153376318653,0.1474997918223086,0.004180633069387848,0.09041794206343441,0.04104529358304697,0.025788626048727968,0.061160931286015824,2.739597913619027e-05,0.028197331323340836,0.0015869155707979431,0.03518101645305781,0.07019705981239882,0.07743287337202608,0.025026930088511864,0.05451112410093815,0.03901820174184165,0.110624321869456
11,0.009284389321961045,0.04557030048411838,0.005213863834988479,0.0023405484847322626,0.1330794813009887,0.0018673609957964572,0.009073472880122526,0.021622751099441215,0.01500032573136694,0.031739271875501414,0.39151218390872167,0.010364899761747618,0.004553990241183344,0.051431963557098864,0.0010579515689856146,0.007713598935244019,0.02794477423428217,0.05582816002378813,0.00020661245726186399,0.1745940993026692
12,0.008655221451672704,0.0316003170232825,0.004844502343007143,0.08075624769966662,0.0019295314375385683,0.012016980550304776,0.011950292107796653,0.5400455830162759,0.0048393521063282265,0.0031732078500878377,0.005041449686557202,0.004387323995964121,0.00015673307014267364,0.19207750631797102,0.001759043753038262,0.06368368649044599,0.013246406319833122,0.002346418617014655,0.001680305159050204,0.01580989100402185
13,0.01055872162287018,0.0010092200176066133,0.016236861437363848,0.2304400284720746,0.017207376803611365,0.011095544025191818,0.012292352456815156,0.19332634432680323,0.050797929597154956,0.09168354836998924,0.02048765307474403,0.002379668553603975,0.005291917610642194,0.13639722160616405,0.020359960687429464,0.00506218733005385,0.002829805361773929,0.04238904687475052,0.008546056633427576,0.12160855513792936
14,0.12919399926493777,0.002217147236705693,0.00013489391722313338,0.005077639041368722,0.04380260893781826,0.0036287499361396945,0.09954567082612378,0.0005945836920077642,0.012482042173442892,0.003000387667708936,0.007153930884782437,0.0033668094154089877,0.004845741647259748,0.00315731539019219,0.0004173493228312853,0.6343442680538751,0.016820554887952647,8.435142464425802e-05,0.00906742120984598,0.02106453506973048
15,0.00547967121706688,0.005920730341622288,0.0020816759329506792,0.000772642045733273,0.0021026117156248787,0.004435909089789189,0.001905449856832446,0.0003592412083176739,0.06288457928876381,0.0061233238729548585,0.0018139310396261498,0.000630453536156527,0.0004382094182660964,0.0020057318128599935,0.8963661512674167,0.004610258755913573,0.000729020976197529,0.0002646597132182762,0.0007646372001934658,0.00031111171049572696
16,0.028029787898636138,0.08380697133120693,0.0012160457105972445,0.010914905135519203,0.010205987454621743,0.0014797493245567324,0.0015242133297345048,0.028380629974415563,0.006920693710825325,0.01363124517584023,0.07244786739134643,0.010874999458135368,0.01406460375006511,0.2616213332782676,0.001317092695302485,0.14728112671743082,0.1939668623875546,0.027199330878083086,0.0827569766840521,0.0023595777138087073
17,0.01199182395605958,0.0036853494585680374,0.000691222965842889,0.00027073334245444295,0.00046058871499340357,0.013735431840035527,0.019305225791291493,0.00017686481629731863,0.00012420707807526594,0.00877508715507808,0.0002788144832538818,0.0045247155704940135,0.0002087836824571918,0.00020547776397555176,0.8706250658067349,0.012332650748064836,0.0001100237231291504,0.000185048450219334,0.00022856421772765207,0.05208432043524737
18,0.0006318133750807556,0.0019101244997745907,0.008437620208805553,0.8953287807575308,7.366336911863418e-05,0.0065141579363348565,0.0011012792267377444,0.001429697863106964,0.004668269420255892,8.567537118117975e-05,0.02032524195724306,0.00044826728488938365,2.154585608795782e-05,0.00046557756676828297,0.003451280017488839,0.0025674111611345887,0.009253780587510958,0.002286187359121637,0.036788676814953146,0.0042109493668754
19,0.0009223161924616429,0.0043053811892989095,0.0035908479647917173,0.00937533863460047,0.0006364244926412179,9.944362789541588e-05,0.0012137904438492056,0.8653074739096406,0.0011832396642111349,0.0025862903703356586,0.01976885991705851,0.0005139868829284385,3.100602291280736e-05,0.00015163283383493663,0.0003448344845261286,5.136613623592571e-05,0.004074277937814478,0.08187215691562588,0.003687257071093657,0.0002840753082435354
20,0.0023675487753538837,0.3802747330864709,5.83671558424065e-05,0.00012103982951594295,0.04569403962669785,0.00026508785686840696,0.0008876585645398007,0.029357225321341177,0.00012132948550227745,0.47978697309234575,0.00041691036910968736,5.6460596647212923e-05,0.00033692499338365827,0.00030730293250353714,0.000528463087872876,8.278905963436464e-05,0.0027151912427611827,0.05251249116618887,0.0007434694701971311,0.003365994287222965
21,0.011051789026826169,0.01279747088030935,0.10415019376171054,0.00029196535140944873,0.023296349721760444,0.010122540414941207,0.019705620462659425,0.09105491502385124,0.02541929237317802,0.05584822970230257,0.006232812775709756,0.008105905689283141,9.503460612514991e-05,0.023361664390221804,0.05199416755445564,0.26107641106945284,0.1812963647004206,0.04091065872119761,0.03355265270189135,0.039635961072293745
22,0.21121285127630704,0.0013500913416110126,0.10168378279296857,0.016725629787618487,0.00923694107489465,0.008934283953327942,0.05593587947333322,0.016618517788392493,0.029080914554204598,0.056846423401894906,0.1237975905856779,0.011681633634762982,0.00012337699037280974,0.012606050408424172,0.030400258027562296,0.02483652171382887,0.012638920066160637,0.20506985180684517,0.005347127242372636,0.0658733540794397
23,0.033669777346794154,0.20578075558415687,0.0005650558823457402,0.021723260779116516,0.011192469405865673,0.1332763556363913,0.009179798205038394,0.0651226487245533,0.002153043963389682,0.0029473392548137775,0.002690950469994496,0.022050557855115883,0.00034970224119974417,0.0410991578845795,0.01327188832487957,0.12798487121207275,0.25204887557742833,0.0367279162234682,0.005171558774750642,0.012994016654045306
24,0.01671470629697421,0.001469602037923571,0.0017028755358095974,0.1255044093535665,0.0035531531358712082,0.19389297620675808,0.030186195928238017,0.008950300135420168,0.0038363881894545007,0.00044790610080016246,0.005914476590665268,0.26374904267765736,0.0034382722638451203,0.21179010393274078,0.002878743030324202,0.0010787946513105364,0.11021600627188316,0.003327863031099164,0.0059546388607297825,0.0053935457689287545
25,0.02305733237041512,0.0019469807588151878,1.1077485616901455e-05,0.00039021937620470625,1.958349827171822e-05,0.0007753099799761462,1.756680013155576e-05,0.055641463851577644,0.00030066536128119494,0.04393874837807395,0.010767935270925634,0.0009865999438048068,0.0011685222554694869,0.016953966212046038,4.390010956325552e-05,0.06045633694744653,0.7143505566117802,0.06830435875581639,0.0008033340980538054,6.554193472972563e-05
26,2.186204945972597e-05,0.002599789560565343,0.9689329650031355,0.0005748277289706658,0.0011975349812021335,0.0004422978794828104,0.0019293696254402064,0.0028997569584608097,6.351632761885665e-05,4.44159896434158e-05,0.0006167637443023658,0.002772269756908759,0.007606814469521048,0.000527465318982596,0.00011366533937917592,1.3839114279774413e-05,0.0006007503672858765,2.2321524982343576e-05,0.00533971061811294,0.0036800636422655362
27,0.11494592712122349,0.0070378986854611175,0.00304150108466166,0.015566746333417699,0.00859324869468059,0.016399423497343066,0.434240212972366,0.08292265511370661,0.0005323898556188472,0.21587931160576876,0.008570488606162264,0.014890722924277724,0.0001441892355776902,0.0006754065636508906,0.0008411146855099362,0.0275721307258164,0.04190666975657776,0.00046916325505310687,0.0008890500419068303,0.004881749241219411
28,0.014110798270926594,0.06595174375060812,0.004172689665590129,0.01082867971709762,0.002966600738480051,0.24236460441821447,0.0012704959378211519,0.031042585166441754,0.0848683719994985,1.0512433570066995e-05,0.16142804283470735,0.14890826757568662,0.00028383009157619405,0.0608875554063138,0.00021445109001982148,0.030513405394608176,0.003957014522725832,0.009834267403834267,0.1060744140212755,0.020311669561003862
29,0.1241632085937079,0.14747656090275107,0.031755112015982495,0.00013528326393344144,0.2574242620031931,0.008516939186566043,0.03874891452593634,0.03771484858726656,0.054278404555640626,0.07880631205120296,0.006999631923786829,0.004137121275284853,0.001110250010214079,0.047801730460711706,0.008425370225919552,0.04329390391765101,0.005515416023017736,0.018902276178746315,0.05942708744334319,0.025367366855144256
30,0.0007998130550522207,0.0002362147754904657,7.682525211541765e-05,0.003006481925195562,0.0023717845176619177,0.00281790261242024,0.006028096240670194,0.05204600070520654,0.0016409552743977109,0.8096403506796467,0.06520718192928228,0.0080871966980231,2.8335360217033705e-07,0.0028987274859499784,2.742684767126614e-06,0.003496089461616688,0.01084198219733731,0.02771683503383194,0.0030747272307527582,9.80888697935478e-06
31,0.00655590343768395,0.02075731676282345,5.340766293167222e-05,0.0004646968737293878,0.018385405139337688,7.979617104572784e-05,6.260313483179961e-05,0.02889997080306685,0.0005898230295883682,0.27564133197260743,0.5971916749031863,0.000999458916363278,0.00048763146851387394,0.005571902823759825,0.00016101053434046595,0.000191071382181734,0.0005803861573225474,0.01040584335516691,0.004884357043404803,0.028036408428113932
32,0.028928906234535787,0.002454645493703401,0.006577490783126631,0.009768197434104934,0.022144234311943036,0.043357688137108316,0.12051492682864105,0.04748285444082494,0.2736720405649423,0.008372924066532663,0.009561667413073485,0.013206550675912495,0.00042011015171124655,0.001733347826761948,0.014775737100138457,0.012745110909259599,0.08188659285227909,0.13750854142825572,0.010869071183996628,0.15401936216314838
33,0.0005635816402471807,0.015886953703756406,0.0017971642355522272,0.0157547580443885,0.07507350650456543,0.0028804631567489122,0.0339223623340342,0.010786613564026246,0.4250439148617249,0.07382655675240905,0.02995565448873176,0.0012731875009531631,0.00013642385238111135,0.00851616457686313,0.15570991486325975,0.005264120884448871,0.001722245491071649,0.0036815073627672907,0.09168184271671939,0.04652306346535077
34,0.001447734115837478,0.006087482847230721,0.026384823154542963,0.002901660470366746,0.06376592386394933,0.005499510686609816,0.018737676512861887,0.05136754334856412,0.005410182874836141,0.006714533045213735,0.010271093818759637,0.007842851004543228,0.01276801573009471,0.0015302127598231707,0.0466875473063614,0.013145367443927244,0.026377542731289505,0.0025181492570398906,0.005873962209957195,0.684668186818191
35,0.004134396521794403,0.01816508529746271,0.0047187844855313965,0.04030019954617685,0.003074964570280618,0.018142960585537316,0.02562389557814588,0.01198655507794029,0.025674369335989145,0.0027246189828447117,0.005365871728645325,0.08254686201169358,0.0008365107671216215,0.0016224353058282505,0.013012074058139055,0.2548954266106331,0.35509748916811396,0.005984301871006007,0.12336207228548418,0.0027311262116317347
36,0.014516250295825685,0.24011460107397278,0.0018889922050176382,0.012586731193358023,0.04415896149509882,0.005228049100183644,0.009252886336431999,0.07185923159721908,0.0020514826492873694,0.0034811190110526765,0.009161791611319333,0.0022657118807946305,0.005105894474710309,0.02006163085740734,0.0018228586249923186,0.18833446190683503,0.14752089907493024,0.05720333616648266,0.046153053439449324,0.11723205700563105
37,0.11121539281531259,0.0059179528684250235,0.001068698643012223,0.00666023050911909,0.04710336149939591,0.06552908828844801,0.01052296215977499,0.011622114132149364,0.04741886614621829,0.11838816425934495,0.056176064234483694,0.07486054688490727,0.0001564514716389181,0.0857633963128962,0.11518524728351678,0.013843300742460948,0.019822661260262425,0.06263663808203881,0.008149431210349539,0.1379594311962449
38,0.0017805639337804627,0.006578949423881491,0.0046565012095786465,0.0005508454586075374,0.0022999912703643224,0.006335150596455051,0.05213549398110168,0.007600520180099887,0.004269089815411357,0.0003194602273956814,0.0027569314323275364,0.0010986311101462598,0.0008505098562122241,0.0076518323583023365,0.8679752481943562,0.0021211429642944207,0.0018353749540142197,0.006438744825750419,0.006213133094023967,0.01653188511389631
39,0.0474986513948674,0.052627230866726236,0.003184070933568339,0.008690480965892203,0.010677597118461817,0.0024470535204865022,0.1933618207974065,0.2691719912971815,0.027405850408662943,0.019523878866393566,0.008191219370409676,0.16443385604497468,0.00073213083053545,0.11243144946469108,0.0025561529331311803,0.014663036022890881,0.04331924281909402,0.004976368183096131,0.002528811802473976,0.011579106359055801
40,0.021923678793527846,0.00912083105421505,0.020407279560739972,0.45929134985783704,0.0017989280046259097,0.014208044860973754,0.008627004094119732,0.004647917595752217,0.01998704205065629,0.020650001025555673,0.014480759739161134,0.04408299338396726,0.002363685642344744,0.02240486070480019,0.00038080989617775003,0.017956457547377912,0.306635529681287,0.003991988661719038,0.00013607507320130704,0.006904762771960176
41,0.04780318416348255,0.00019312378286949957,0.008760445033525641,0.0033628671063533717,0.00010877035603552606,0.0060862762884482495,8.658140750564414e-05,0.0032186900434917954,0.6821058105133134,0.0010215476392879356,0.0059601139655519105,0.017309656125255053,0.011001422505683745,0.05565241655858306,0.004023758001664627,0.013893911268214439,0.000976723189802514,0.012124682036048664,0.12010128530056807,0.006208734714314393
42,0.038390144941848364,0.003175284704634844,0.004694600751526575,0.0022538355548843573,0.0011937559268911985,0.09050032870842872,0.0010541268010255279,0.003430412642522657,0.004909670481882877,0.0033476810298492484,0.00916705430342213,0.6972703876893657,0.00013201435969524246,0.003876459905486317,0.004641074244897615,0.037988158376420264,0.0012886514549394182,0.09102919633273054,0.0010971624323730456,0.0005599993571753754
43,0.008478059156038682,0.012212963134277496,0.000809608281612432,0.0048850921575260674,0.4462429304486925,0.00569726271695751,0.013906955197550815,0.00022393805962684084,0.0010457860153615624,0.0029196683828746264,0.02333497964700335,0.0010865819176942378,0.29001550924266206,0.002398497494321909,0.001354384377008372,0.018861325141230168,0.02719801687292062,0.007266414166167076,0.10902468741858429,0.02303734017188922
44,0.030082407821064475,0.05969665032903948,1.0123645499861141e-05,0.008817703730023907,4.652062277927088e-05,0.0022231361408816927,7.4247524961197875e-06,0.006784495322352292,0.0002679825155649631,0.0002946958327673451,0.8178952975532028,0.001499614752578814,0.0001286285328902757,0.008816380814573536,0.0018603571801945134,0.04125735884039126,0.01255881119006208,0.004599992076913819,0.0030578254392131595,9.459290751041295e-05
45,0.0013555274136223031,0.18475726421679575,5.366406623640182e-05,4.410614708832556e-05,0.013837877752024708,0.0033576290114108553,0.0005902666809404108,0.17572138549858296,0.00016168490496216984,0.2178254311625778,0.0052116501254622395,0.0009389693558123832,0.0038317224503284517,0.0024746138766574117,7.172025926312429e-05,0.00010763935169743945,0.10488130332750377,0.2677876351262364,0.016685143884088982,0.00030476538870800716
46,0.0019456837568344466,0.00045028146969615704,0.00129106611231419,0.004590562580207018,0.003430571463205532,0.0013759106537048502,0.023899968248971226,0.00010082301841638446,0.005881166086172413,0.0015970644457327639,0.00866633444615936,0.010508304827329689,0.0026338516962407677,0.003429987056048571,0.903595493427577,0.009449552227654376,0.002176010990974105,0.005744496540747959,0.009094751869013058,0.0001381190830001174
47,0.29057742350124544,0.016045349324217438,0.0006990734595600272,8.904080102729511e-05,0.002467020566205233,0.00288189578513851,4.2320288826903124e-05,0.010373822230333007,0.004157955231306635,0.01570705661840979,0.5717977683784045,0.000443336837498198,0.00047145663339006255,0.02386146276895477,0.00027120802815713856,0.007680203901746302,0.04083953952196908,0.0037070984857367883,0.0038602810928283697,0.004026686545044363
48,0.3352761752565195,0.008620129064583265,0.0006130075874658493,0.00010966636087645489,0.0015504139359851584,0.006640418848330788,0.0013748274707702749,0.05702599284125313,0.11922573982817845,0.0010782339404794253,0.17593051459436707,0.009335202421541912,0.0005727502339758255,0.009384012698021029,0.002087099890193517,0.018353974742090082,0.1138062585474641,0.13181804773367795,0.006835602543166382,0.0003619314610598004
49,0.002214964873168917,0.007553258466360509,0.006519310228642123,0.00021192133886269716,0.0011658266417477819,0.004765594620953492,0.011982775789805021,9.135979556184114e-05,0.001729740004915151,0.004923149954935786,0.0020123236517239893,0.0013485516239818607,0.0010028470635152376,0.00019383415060901358,0.00015556809696555678,0.0035247836194929917,0.005552721471739532,0.019906458216307623,0.9248022309999404,0.0003427793907704456
50,0.006320409199830295,0.03601569208722635,0.0011700202230256911,0.0012163014351283408,0.2622595051608287,0.011835980456115466,0.026078622346045077,0.019563358940003186,0.00385394933903457,0.010736691759549423,0.1566336470051633,0.019724776950651664,0.0005466876787655248,0.02022371931608389,0.014430742159748279,0.05110791690325181,0.019306632168699236,0.001454024430932291,0.21468889069236996,0.12283243174754696
51,0.0061684829620534485,0.012511954570613439,0.0010731714128217578,0.003137225904966055,0.013228931997850305,0.00010768700262269881,0.0010932567665816243,0.014498145968433915,0.02779775630077211,0.038402602657304934,0.5614569236451464,0.1021707633242581,0.0024733924297400105,0.049263538320378164,3.683991736245924e-05,0.00476338049080934,0.004587007107915228,0.011122951631347248,0.12555947578787904,0.020546511801143755
52,0.09808481175728,0.048257522723350633,0.0002992480692408153,0.027988695699360303,0.024222307297913952,0.16872331768295717,0.0046352141752788074,0.00039830217123990687,0.02576901928404649,0.00021887589205041964,0.08918998143794,0.031184156481578518,0.021849701083283997,0.029417907925595267,0.0009917014346212615,0.2885670758703984,0.0022680436672944115,0.11733543300705923,0.012405035051057313,0.008193649288452972
53,0.011562138583071476,0.03635357961797562,0.040263335586842475,0.0026926058171578165,0.013667595283766437,0.2031354180407703,0.001742532612164624,0.03287941854832,0.30508007679449395,0.03060032543157145,0.19311908484065554,0.014120220478135999,0.0016544866997120623,0.012889634829877908,0.004556111531905996,0.02633255294709864,0.033084806221289266,0.0291054812222562,0.0037019844398052575,0.00345861047312919
54,0.014876461214186034,0.058878177841884184,0.00020552024533233956,0.010175417724602346,0.10761497161035072,0.00020161136855533431,0.008169895993176274,0.008118156254609495,0.2026341155625035,0.019120485234544495,0.00812840435148927,0.012344167298238893,0.0018546543721953482,0.06012743175815673,0.41817985784009437,0.004053687950700566,0.005210031278909079,0.008011571649904561,0.023577111419556138,0.028518269031010398
55,0.15580293339935686,0.030551481011591657,0.0006617101255772522,0.001699977541081747,0.03566136561230078,0.002703203133117956,0.3397280843390212,0.006699752099933812,0.00993032145835657,0.019960403843000154,0.008170446663920387,0.14805209968034838,0.0006462583807448566,0.007739254248010311,0.005707144612510686,0.03747968304985697,0.008921859596325842,0.018472037304738793,0.0002812568637429964,0.16113072703646272
56,0.02861960774220899,0.00826132587810688,0.00035834436338655904,0.007295637532747389,0.04081312085130667,0.001021342713263599,0.0013243846759354739,0.021519150580271148,5.721378242499172e-05,0.015564821818477797,0.27036248261049733,0.21590365440285486,0.2842465595950907,0.020093512283739106,0.0009729377024586393,0.030588345668780537,0.023182198858337718,0.027583654042439745,0.0019345090703937915,0.00029719582727821847
57,0.027297148048886197,0.041874835018808,0.0011589954803357884,8.163253597134162e-05,0.006409357185693717,0.002899182556652654,0.0044563657286585895,0.17313435393615612,0.0018374253562784219,0.11149076252216758,0.022866160730292122,0.0003440127145967606,0.0027198475347737757,0.003255997539727051,0.0002700346673824273,0.0011893388479489956,0.0008604068352586254,0.5977549201060502,7.189032684840073e-05,2.7332327513155893e-05
58,0.08023196485808745,0.01486607449593876,0.0018092398264793628,0.0007399329213416895,0.0022551872327937644,0.037063198932460045,6.889843588573014e-05,0.010554012856987885,0.02439032348825769,0.001558332145804116,0.14589054255538839,0.0027394051653325405,0.008337849742529732,0.005274767154554485,0.004649706486080159,0.13486612855319646,0.3058083265489106,0.21753111669968733,0.0004158454276164376,0.0009491464726672892
59,0.7036129657036309,0.029187683772451817,0.0055217135578388725,0.009295678961658942,0.00029940193368031246,0.13065530236796374,0.0021137052967765023,0.0009475769291003037,0.0013213125923624586,4.438966112505532e-05,0.010352225297251142,0.08414779728987733,0.00029972226324013665,0.0028555409258994077,0.0012143023636389716,0.007872443726174023,0.0023703445813241233,0.0005534280071639947,0.000556444164058734,0.006778020604783393
60,0.0014725555554667218,0.001641806995506917,0.0020071699427463676,0.005069054215280216,0.0001153163463642279,0.0008994546568406422,0.007365486686577582,0.001294296006730844,0.13642148332116197,0.0031412979548775454,0.8209949180827384,0.0023653846024033354,6.862986686404268e-05,0.0006931227656394517,0.0003120635831128794,0.00105465675377058,0.00023560367308228056,0.0015492454988991536,0.006726844939505046,0.006571608552431819
61,0.11083690891140222,0.053609236013347994,0.006045471506581936,0.16236660370230885,0.013586258047363919,0.006581017510145894,0.002556185842304512,0.00970652288167493,0.12965783004772674,0.01306173285191352,0.010190485691366368,0.024358068972804806,0.01842399448826204,0.014171229975404598,0.1902009176346964,0.04222002121833174,0.10758663505000352,0.07063467494759365,0.009088102137124049,0.005118102569642109
62,0.02095358806241923,0.03074410762487765,0.00017692808401538064,0.009583000676209975,0.01104803952674877,0.05043905859042508,0.07010095623179058,0.034415450066373546,0.16441667425327028,0.019653188236395534,0.07704924270843592,0.21602913878383653,0.011573692340220947,0.09017431208164865,0.08328030467967124,0.05126078428477458,0.016320698615019773,0.007039919135094329,0.003564144164856159,0.03217677185391575
63,0.13836608187718277,0.15571412767058296,0.00490701964462348,0.03291258551523112,0.006475927722821337,0.015342170575784336,0.002558932495636192,0.22932522672965208,0.20232096103728722,0.04891687805464064,0.022341366755467933,0.002209506140598612,0.00503179339324229,0.018978296597417846,0.009279705387822508,0.07552851779786432,0.0009424057734393869,0.023650239302626365,0.0018361926586038765,0.0033620648694745823
64,0.0869111554175044,0.15103131572373313,0.008654883706774358,0.025095862762944267,0.13712693476643767,0.03280644500851594,0.05574289348741172,0.05421073969289924,0.05005173094681926,0.005410167504601286,0.10315092848957183,0.1103103861905243,0.030920261821712272,0.036846552265928284,0.0221483358605079,0.025914673962759552,0.022716519052814563,0.007796946361898696,0.026822114155928306,0.006331152820713078
65,0.02792866852263606,0.06757901336936625,0.04072979256574405,0.06680883535946626,0.007819681551079337,0.028847714964060363,0.03851953650579429,0.08779269079398495,0.1875064239300382,0.03788988070426853,0.063723071761657,0.11847189537669033,0.050300180857044095,0.018110586980581024,0.040302409469205325,0.017109875421074314,0.03354297133407108,0.04862431492841344,0.008168406177738338,0.010224049427086846
66,0.015234123097825314,0.02221550327346302,0.01756643853911203,0.002052356068303457,0.11108535723928747,0.09023893998912708,0.006990602473108856,0.03304756413601285,0.15105754529152066,0.07785366468658349,0.066821802294528,0.03545386392604327,0.005195416861725514,0.01870863645728178,0.00917615677597481,0.1085411122604723,0.02632641367537314,0.14956222437190322,0.04848354121521242,0.004388737367141296
67,0.04210272045451657,0.0966468109702926,0.00019255164709141526,0.09576687524648536,0.0018536585148647355,0.0045603618645120424,0.006891676184241207,0.14918089558113581,0.005148343937876286,0.1919759566654103,0.004357933933200073,0.22738888868590532,0.0001176538218534774,0.011660643609485355,0.002365425739193158,0.03532752864840249,0.048893516896106076,0.0018989956072596845,0.006927234972919683,0.06674232701924847
68,0.013638636723239391,0.10401746759861662,0.015093973828450746,0.053580669276790185,0.00971609234270395,0.002040638902364473,0.03582213717914013,0.023106602688024818,0.27095725385326275,0.0036827907092468605,0.06241578604127093,0.02950738514899894,0.22544806012969373,0.020591805829612064,0.019795513429580372,0.014430637321809917,0.02368130653456513,0.06260208035480878,0.004442846064053282,0.005428316043766885
69,0.006891262903448424,0.044534530373662944,0.028178812539615447,0.007665336289545009,0.019789121381135987,0.01695525523320951,0.22563655526731258,0.011731136208582906,0.017746672595585846,0.01551987900478371,0.0011354432353793916,0.06482696028918754,0.019024733171173126,0.019389827898214265,0.025931731293856747,0.029158920577804236,0.08892885296046255,0.004555881908939968,0.016913693564001017,0.33548539330409877
70,0.0025182645819896063,0.023565929560736762,0.10762899424856613,0.026240117123990526,0.004126229108171051,0.04679670412243578,0.00132078329520515,0.00563420930759815,0.1495768412218518,0.01461957688765917,0.028994079821502917,0.00032397103455746756,0.007330178695035018,0.09506086722740538,0.2673144940266936,0.035902474113250524,0.007495738998963397,0.009807340174657344,0.006128875777037264,0.15961433067269304
71,0.005990333279629538,0.3202889072376401,0.015384998254481613,0.0013235094900463941,0.0014062998295902621,0.0260388134258342,0.0014389978195394754,0.0038590455396805222,0.00031282370594606034,0.005769271489123246,0.0016921865182597915,0.46134086632795146,0.001080547763619116,0.0310350174725386,0.00028913764478662776,0.01151670406098748,0.1047782752818182,0.004404887978271059,0.0019799770878232738,6.93997924331238e-05
72,0.0596268323957838,0.04879221799240137,0.0985280410119902,0.10642579034594553,0.011973648894134744,0.025608545953978257,0.04431147759249777,0.04231011368442786,0.045312513608492894,0.05493954518111635,0.04349951990138065,0.020620017055881987,0.01058924660754762,0.030445568362019997,0.04460337042399473,0.12092646354520577,0.0042075553079854895,0.028182539847825584,0.1499216758993656,0.009175316388023779
73,0.010647500865350988,0.023449351213249627,0.02089982272169946,0.0023409295546696434,0.022327769051903517,0.08229157943705537,0.005289197191728933,0.01103290879289286,0.05311604527531684,0.011978233190296325,0.0203681450384353,0.024684305707531985,0.04307957712934688,0.037547891737547835,0.005673672482250655,0.05805999533682303,0.018285798316829065,0.07609389033190775,0.46929394774994604,0.0035394388752179474
74,0.010482655890924899,0.16895071738839287,0.0007246116326454788,0.04498570613536196,0.05041854180823767,0.0362912681784262,0.017651812479477794,0.0018376101326862593,0.04298614764368321,0.043184129134865724,0.33065368330444206,0.0011105755761497307,0.0049919729251604065,0.006979900243592239,0.01338168496085866,0.046482240338770325,0.05557451462168675,0.02758288603494973,0.08439303463406272,0.011336306935625238
75,0.03328230510766623,0.043635754579488796,0.06340371845078627,0.2618842383693634,0.11077070100758563,0.00010480240019008894,0.012423677829397068,0.01575082490929213,0.026391683600179155,0.006998027359521066,0.09674630564527546,0.0181451234883102,0.0007350452822368359,0.035836604312749445,0.0027570540825935077,0.111306809308392,0.020989944809818063,0.011401781127666547,0.12195355549462966,0.005482042834858232
76,0.0031800453028346855,0.00560313250390259,0.005063605135599944,0.0038805942644146636,0.007533971939887136,0.07156421428446519,0.021439698204143275,0.048163662884340784,0.0015187612281282326,0.01781616709772647,0.002249989011454056,0.03957655618432829,0.007481469452981196,0.016311364989536278,0.019123615209672276,0.05310653373310132,0.023863331324379233,0.06076956564049057,0.5317079978579914,0.06004572375062243
77,0.02536506205508404,0.15209878230428284,0.0007689971986897602,0.00055585080128335,0.47640980107337944,1.5009317241635247e-05,0.01620238069853661,0.022114231660464934,0.00011574686431807063,0.08573273872923529,0.11588036998534146,0.0023392093063179503,0.001213165431735386,0.0033553524693183128,0.00021174719561914713,0.0008854529441702678,0.001938591123344342,0.051635810872651455,6.24429170432186e-05,0.04309925705194241
78,0.017003647392494138,0.02043101707194095,0.0001567527938574198,0.0036180518477166184,0.02781577168733825,0.0014149790475975104,0.10080204423047825,0.029225590144704675,0.008436917303729877,0.02934200110496392,0.1836438772473196,5.743309864205965e-05,0.0002917943970790131,0.006756476128597798,0.0737221772889318,0.005023204450589851,0.012757639464866266,0.2194847672561984,0.1579121932324512,0.1021036648105024
79,0.022946675118525117,0.021753226556249904,0.0057429318525409985,0.0019891928994999557,0.03578568624171855,0.030951597866523364,0.030367340507664372,0.021106844530080972,0.024636910703211536,0.04252233471781703,0.021094366212513167,0.005592845996546848,0.00015671731525415293,0.10651001369151629,0.0233047086855005,0.18367552793419623,0.32140971934635115,0.06300291916151694,0.03731394876578418,0.00013649189698862512
80,0.02887150221667517,0.028142617511040923,0.000836290517026369,0.006424374290955675,0.06328669562235138,0.01100470914704947,0.03871643943992777,0.014252162890598967,0.1459492266788429,0.07495718127769035,0.08279484071781282,0.04843513335826797,0.04114830302752994,0.010124182020516273,0.05776289012353025,0.03459787617996219,0.03105599750533139,0.03915255194830505,0.006938780137965944,0.2355482453886191
81,0.019043175555597546,0.032768239929569176,0.0003920465390846818,0.0009372885588619108,0.04988875776862339,0.01673697449044737,0.004169461134364524,0.05819322051221095,0.1106430985832109,0.03376313628352261,0.3677805592057327,0.05634722748456339,3.563902515719354e-05,0.05664433374356978,0.12317755844862852,0.01174876146803885,0.031704122895469554,0.008055232867703108,0.00694805116391252,0.011023114341731389
82,0.017451668413838214,0.032650333991912764,0.0003973864761260306,0.004335348709797238,0.050044212502533464,0.02126821866440667,0.02543520872109944,0.03785371747677709,0.27989137941158027,0.18235381876307924,0.02900135230706734,0.024109310824752008,0.016784985805852852,0.04900816865664853,0.05630628114245101,0.03508426976058785,0.025354259746520436,0.034245880780859224,0.024143984303176047,0.05428021354093427
83,0.0009474916409384006,0.006673567420884073,0.8644791655766029,0.003927354041328934,0.0010567929928059039,0.003554850236988002,0.006878299078656581,0.0003458582456043365,0.00013368133637272999,0.0009624300009247647,0.0005598572737437256,0.012675261753245846,0.0027442536589525044,0.019933400619265455,0.0003085648305233912,0.020587772638896534,0.007996309201120315,0.03357776737365436,0.0028896150399809685,0.00976770703951025
84,0.4861457356490107,0.14937380651977133,0.019660855478964755,7.665323653194412e-05,0.0030650437625509242,0.0038798778347762727,0.004938001018122772,0.019061822816573017,0.005928914072097916,0.07512347501670923,0.0034187870325810416,0.0017873003295222302,0.035845519783623686,0.0058496228593181085,0.004634932502632083,0.10953944045975575,0.03540890436742002,0.007888600249043115,0.016265844956644498,0.012106862054350543
85,0.12077270493533832,0.013726046367275683,0.0038397668493129074,0.0010930544114073494,0.018076044195221824,0.11130882916581354,0.001041819007524628,0.013354520959569412,0.00028168101531530354,0.00045885537345865515,0.6392949994097866,0.008310380021559797,0.0022544556595084577,0.008275734739061012,0.0003096867450740098,0.01682126054390636,0.00528509869533736,0.010814433974137538,0.015012348876336287,0.009668279055054902
86,0.015579796806116673,0.005882427661353975,0.03355266057530487,0.10104181818211558,0.00020553856434133,0.04454415164092138,0.003878965493541492,0.003646972621364565,0.008573418751491075,0.0013939610744909087,0.004339559959419732,0.22310038201544435,0.0031546124602461457,0.0002362147633152718,0.01824627004897447,0.31935711690721413,0.17371179401001463,0.02473613557216679,0.010713154039730862,0.004105048852431963
87,0.05551264796733894,0.4123928467294811,0.13408083699501616,0.040768615976035885,0.001637985270925928,0.006641391335198733,0.021780633807293157,0.04112452506611548,0.002895168586204358,0.025531897959454132,0.09634437851894898,0.015012154632799849,0.005820835715343317,0.006206045050788934,0.012427192515783994,0.06149708970003318,0.025875890354726257,0.010235280325186003,0.011786784990119691,0.012427798503205828
88,0.011584147590610532,0.018951444097869457,0.0024502922328597312,0.0008318231269805282,0.0034708180150103954,0.012168815676732041,0.03958773548226928,0.00047533081173907157,0.2630837392238818,0.014394215797517498,0.02183321789300519,0.00025782627798937995,0.0006743974115214912,0.09500683584624942,0.4860657522865239,0.0059295733545670585,0.001804487909265773,0.0034279983657393128,0.010479688996197698,0.0075218596034705605
89,0.015731063484811476,0.09436990360413677,0.05588035626136179,0.007743251391838098,0.003178815621596139,0.05635236578731834,0.09590693521731242,0.024775507800738852,0.043634429332279075,0.014974995421435475,0.041410445902587086,0.1387054294768682,0.02675328669792982,0.031537964954318924,0.2360515376802091,0.019718876205208055,0.011883548986062293,0.05977274892570235,0.012234381402901682,0.009384155845383987
90,0.0006481571116985228,0.00011317267989555153,0.0007007600445919363,0.004163606743577332,0.001460371881370642,0.000632009540445664,0.0027434061444668385,0.007446898909940821,0.8235222460217162,0.08166718699856379,0.03821298726257983,1.5455226127315715e-05,0.0002696498418712798,0.0017974899699201195,0.006684243051852938,0.002952306943952155,0.006746680207370934,0.00626558386123776,0.012184661272902228,0.0017731262859180487
91,0.0029952986056161882,0.11447334279196354,0.00018856354065665992,0.02014640467676302,0.00010516625879932537,0.12128067565285011,0.0009117315211417486,0.23514486742671442,0.001009234129338777,0.0015785675991095126,0.015016459292755847,0.05974059467316243,0.0003077310907369739,0.0001238708849121179,1.0714962722376643e-05,0.05785153593805983,0.13830741306899744,0.22069640693377884,0.0057942898452500195,0.004317131106670859
92,0.18483250041785185,0.0011195327292412678,0.18991190029055097,0.0005675697731797781,0.0006634959135527871,0.06840456750276118,0.013753905570021482,0.000875806120692517,0.0026030080965272454,0.0038119365622417403,0.0022414222508740757,0.12347117190997962,0.0014074211455663923,0.05918823326766875,0.010634782583402868,0.31401042497758347,0.020275031519391692,5.027723151654803e-05,0.0020453912755382646,0.00013162086185752414
93,0.03494990663359404,0.0023391663335703885,0.001228499833557858,0.0015803294239225103,0.010327557192006596,0.0633383340480889,0.023580206216024774,0.25701964977048636,0.004903786314427789,0.012323656978286227,0.09023744881107915,0.006719635972275752,0.13411551775477407,0.016916446523492973,0.0005232133906830298,0.15666287039918572,0.02354482734640398,0.15077944603404472,0.007094306364370402,0.0018151946597245324
94,0.043541667266523226,0.004839663529881935,0.04588376824905231,0.019797048720292854,0.0018257870554012339,0.004862701083545938,0.01629197771227771,0.2604156873846991,0.12471000925665875,0.2059492039740174,0.0378564080178549,0.06736989728548018,0.019671133249798925,0.00720604142656808,0.0010468531977270838,0.024899976104267932,0.05259047657090181,0.03704102098505524,0.006954466305424059,0.017246212624571582
