site,A,C,D,E,F,G,H,I,K,L,M,N,P,Q,R,S,T,V,W,Y
1,0.025779924712913776,0.020842486522645913,0.01863357312218144,0.02014049934998969,0.043906627416939834,0.006719787430429602,0.016957250102974206,0.05077608623230573,0.04003661883530595,0.03191787555962204,0.4341452173133947,0.013429962307665471,0.027654235307167898,0.02762036138246734,0.012659631137833034,0.030188347403323924,0.03692290639973094,0.061988069498078835,0.06282548051345993,0.016855059451569666
2,0.024832895228237645,0.046826095036365506,0.054696115117438195,0.16481112155983718,0.031517754465001165,0.022056472381955915,0.06685937903375196,0.04132844892867846,0.02483255519628478,0.014536702852163014,0.03810135065184639,0.13666064101674236,0.014250728054048869,0.022903573927665042,0.027442997046509907,0.035026089632858526,0.034303248231980256,0.05676146812658581,0.03284127581214302,0.10941108769990604
3,0.041493196864516205,0.02183731427280859,0.006975139162197542,0.025164930285933786,0.054924526967854014,0.015928755938235742,0.036100372908939395,0.04693758556439796,0.07785585807473926,0.04841229923830516,0.09342943496692575,0.08246970658338489,0.017415847800236348,0.042966672746199815,0.12346271397549281,0.012301527698603048,0.07855035618809385,0.049618760186683854,0.0768228962528951,0.047332104323556876
4,0.04882291818524429,0.05625966045755588,0.044923831106666826,0.060222688715685674,0.0220498728395354,0.035472579678134865,0.07385034300329105,0.08490543299754176,0.019006119572163173,0.05600137657056046,0.03272792140575522,0.020982655976715992,0.015873102894531522,0.07652569422224793,0.006444367245997921,0.055650648744275256,0.18917860921989696,0.04705390242973551,0.04042306261369884,0.013625212120765477
5,0.026240319749416534,0.034892087085347974,0.019599262950581946,0.04730604690578622,0.038394923826959575,0.013633210660443387,0.04473076397607515,0.10314389560838984,0.07549959825719778,0.0438454635070447,0.03089067312329543,0.05866500215399404,0.015480325369496119,0.063584977152043,0.09730387389583371,0.033166076349359155,0.07018487917913635,0.09423609225997405,0.014571754659682773,0.07463077332994222
6,0.05002353478662202,0.01776545876502282,0.004880491009381564,0.07083326929352159,0.07885025119424934,0.016709618412104003,0.09324145533815213,0.04211485123580984,0.07304240115137414,0.060485951155036154,0.02686268306341615,0.008393066227884634,0.026687065509408824,0.0275550670391589,0.11253250088775085,0.02077795737439715,0.06911462825276639,0.04970494547979129,0.056593548675444263,0.09383125514870805
7,0.06537231841337976,0.0635551435096105,0.00852302215031175,0.03250122775355869,0.24555190964368767,0.022395959472631403,0.007322959432251642,0.08837063941365754,0.015017144631496018,0.10799462469962964,0.04462775312762917,0.005769407180900038,0.009594276081157137,0.004103987174035467,0.009511821433729915,0.020093288518440694,0.13747741512768327,0.06006002425849612,0.015511942524986213,0.0366451354527274
8,0.04002770532808641,0.11180071702366948,0.052094647913549556,0.020940412494677284,0.058489820591266437,0.022632917263275522,0.011097830955448374,0.05818219619725279,0.07117830737008837,0.04423995770874593,0.052216179818192404,0.09620219957824032,0.01159973063792504,0.07752933447683429,0.12416034593795744,0.034449180717084964,0.022667789196448723,0.034439312068984124,0.03076562995011118,0.02528578477216135
9,0.04230313254585378,0.03674850772135781,0.05609282572060565,0.06225902548833136,0.048921654730757685,0.02406250240857565,0.021956835224327113,0.03554293372909174,0.20731873016145555,0.013513632884688894,0.05298359448602382,0.06455035430420683,0.003229916159577097,0.01793336722874724,0.027368672879718604,0.10275178993935888,0.044937373608848225,0.03783188788283071,0.05658531089461055,0.04310795200103276
10,0.05145026934502413,0.0677365184233945,0.023325890329685954,0.05973492691936406,0.08567555159392409,0.02071283322022389,0.07049724177186513,0.051464536746286135,0.04276488636972962,0.06032863140637602,0.0027938755994314224,0.04431380513323677,0.01408047391732982,0.04839828941072527,0.06373360815562797,0.06627426911676655,0.0422570607022796,0.0576242774627111,0.05043636360692931,0.0763966907690887
11,0.03388922436183563,0.06387934939683591,0.02692856279259265,0.019571149361839506,0.09790607880156943,0.017886808489317445,0.033580348737349004,0.047462948442162055,0.04102769697311927,0.055305759689760974,0.15049977300782333,0.035408873765665635,0.025515105447357415,0.06703465697421807,0.014263001268672065,0.0314766186121672,0.05256996162485521,0.06926154581476118,0.00744026330054959,0.1090922731375484
12,0.03715928263833553,0.06225289607950413,0.029488111058688406,0.09047339286110152,0.020433777265393284,0.04234995509176779,0.04225615443186846,0.1929041215463277,0.029475616090233164,0.024913339087905866,0.02996005421493806,0.02834614447519949,0.007514925572173606,0.12777823280177614,0.01969431747008128,0.08230416719067693,0.044025913007105455,0.02209012797805035,0.019338216404934223,0.0472412547339386
13,0.03328559091477614,0.013061374908306948,0.03951140279053502,0.11369893244085486,0.04043601452309616,0.03394984081621022,0.03536415171417096,0.10601517325946952,0.06224307954048509,0.07875373114368335,0.04334726765774547,0.01838327326630075,0.0252768335088628,0.09225905042590561,0.043239417226632396,0.02483376943246208,0.019697090544761216,0.057913009038870596,0.030595715830358052,0.08813528101651275
14,0.11862913962725452,0.023482960854635367,0.007696961952953947,0.032669397815742365,0.07709454339680254,0.028576281249691436,0.10692497367932097,0.013899767418313655,0.0467502860019695,0.026491224709225117,0.03745097915824764,0.027735807825234344,0.03206653374054135,0.027034846275415886,0.012071488872975336,0.2236411146237236,0.05265080634497372,0.006383750229660313,0.04116034434495013,0.057588791878368246
15,0.046224392380638926,0.047672434630170166,0.031433097293424486,0.021177829610682725,0.03155867884349324,0.04249178032484282,0.03034454100222755,0.015608489414152556,0.12221989542184106,0.04831582822662662,0.02975521249223077,0.019529380205230016,0.01689449196741638,0.030971064227172468,0.3523117276421442,0.043149523362492614,0.02069308792970334,0.013819347710425202,0.021090132341570797,0.01473906497351411
16,0.0505686904440004,0.07823614602522075,0.014485353091651235,0.0347278271954528,0.03381091406548274,0.015663617391189138,0.015849484763654623,0.05081994712608846,0.028962539670731077,0.03794320490583631,0.07382506292976422,0.03467718158060325,0.038419322347839846,0.12313944163889046,0.014953465318351502,0.09794315950347214,0.1093001242847916,0.049966317897852545,0.07784410623857936,0.018864093580547525
17,0.0620930925012132,0.03880396444597205,0.01991866533400387,0.013710762092995165,0.01694384522117684,0.06554424987237308,0.07506511188247901,0.01157146927032241,0.01005145063258363,0.05482773679544222,0.01387238712817819,0.04210976397986519,0.012362283355937568,0.012283913947704507,0.3423992587620137,0.0627903453231316,0.009577374892134694,0.011781907639572518,0.012816290523554772,0.11147612639934577
18,0.01882448914915629,0.029252735218520735,0.05287231017157279,0.3391474990505111,0.007995344338409698,0.0476933727626761,0.023489407171482013,0.026063625711104994,0.04176396434330104,0.008491356954034518,0.07505193168773397,0.016418514916537303,0.004899038188914179,0.016668262393239593,0.03702840975233789,0.032910964169473665,0.05485367491746482,0.031424282943084594,0.09506775632776965,0.040083059832675065
19,0.023020316538457125,0.042532927250145784,0.03956596702462831,0.05799502743803849,0.01985675360286952,0.00947745511394248,0.025682169254140956,0.3518953258842838,0.025422630895272576,0.0347164358061984,0.07807026773712387,0.01823620045559649,0.005956965311056388,0.01121227747082427,0.015554888627030505,0.007284119833873087,0.04160811933858396,0.1375274754150126,0.039985863815180774,0.014398813187740642
20,0.029851592524821398,0.22587217981207935,0.006826714299821064,0.00912901486045997,0.0970948309268576,0.01247613341181252,0.02019331844996757,0.08140227951899105,0.009137713214459131,0.2477915112513073,0.014942934086649609,0.006736974295954548,0.013727002119948302,0.01323278125124308,0.016423466031635074,0.007846895000641826,0.03152649813300612,0.10262745754949397,0.01881629335337875,0.03434440990747176
21,0.03285440289933026,0.03483143223547413,0.08031048214117449,0.0077232988341525725,0.0442214478639944,0.03172455679582803,0.041368207672525616,0.07612374534862731,0.045785123843228456,0.0626515918343223,0.026150519578690364,0.029036893900754795,0.00493832556552824,0.0442708062830322,0.06089174291438044,0.11582323703372531,0.10015903750220255,0.055344283625449645,0.0511402207610997,0.05465064336647918
22,0.10664545782424843,0.014243145240472696,0.07969805597281364,0.03882548443030883,0.030646116007110494,0.030242001636603157,0.06280962045414318,0.03872622257421496,0.04839875619174843,0.0632150306381579,0.0861984114865064,0.0336517228011405,0.005489937558014051,0.03468854958189438,0.049261992293379846,0.04544997505435279,0.03472456042520427,0.1053986026459002,0.024647956552193828,0.067038400631592
23,0.05449934284252592,0.11210801596294068,0.0106927000402261,0.045767860422587,0.035140508880435586,0.09429070022630351,0.03247166666029896,0.07088318999477822,0.018220912646430446,0.020649489185122827,0.019914109872067712,0.04604138236548034,0.00883189077038882,0.05900569292095356,0.037609354784447456,0.09278085804023001,0.12154355596717556,0.056420258644894035,0.025834899500612414,0.03729361027210089
24,0.04593172223786947,0.01743380785472515,0.01848784089753393,0.10255991350478114,0.024783505395407916,0.12196792600089325,0.05812969989665129,0.03581206485727516,0.025552563402624694,0.010858958704234607,0.03036268337940666,0.13787633353742398,0.02446106864697195,0.12633496104666272,0.022789784841974803,0.015413323407326228,0.09738666532609071,0.02414501627508644,0.030444667292201036,0.029267493494858847
25,0.06907906880189098,0.02580084220588921,0.0032896568905252436,0.013598668116992124,0.004128061009726874,0.017877226100441165,0.003953123013623294,0.09812696257485197,0.012256937377174206,0.08931557627876584,0.051002228377738365,0.01967904141279382,0.021051750242385155,0.06111371344515711,0.0056941908999366565,0.10142609779792389,0.2713143033583812,0.1064804965406494,0.01813195051353928,0.006680105041614229
26,0.0064442931148464624,0.04325663187645411,0.4577235589868219,0.023708818861876,0.03176254585852267,0.0213578469836711,0.03841003139547976,0.04518023071208282,0.00985675695419839,0.008547454249356932,0.024383435562393495,0.044378059783680465,0.06634905553328357,0.02291027854353419,0.012429073935778754,0.005370942774495488,0.024129188451282008,0.006497921481237817,0.05762345277815236,0.04968042216285169
27,0.10284699583247811,0.033795156444647596,0.02419234986352803,0.04636830446526682,0.03659363888567959,0.04734110358602343,0.17465865717107926,0.09029913921083403,0.01208118913170513,0.132206765281123,0.036554989752486916,0.045555238188528545,0.007179125657603825,0.013282611561778972,0.014496111615245152,0.05822973335176294,0.06879988180863156,0.011487687264548902,0.014819807213340606,0.029211513713707574
28,0.039269164653158786,0.07259086504914233,0.024166784460301818,0.0353378169232542,0.021095317498941633,0.1219275032210452,0.015046775717491172,0.053762895082715624,0.08026381427766857,0.0022272443049027382,0.10370019433391965,0.10041762090032655,0.008281098666617552,0.07031641764548463,0.007406019573585753,0.05339583198595615,0.023661118531326387,0.03400722998665006,0.08772337541616713,0.04540291177134404
29,0.08581610985108652,0.09190620762647746,0.04984440120679004,0.005663286218051157,0.1147466144842673,0.029504724099812682,0.05395858414971434,0.053380165034159294,0.06171352372635326,0.0715982715589356,0.027286038903827352,0.022128105580446804,0.013101471372364148,0.05866683060600878,0.029377918686263046,0.056396565432973375,0.024814320484487944,0.04053650571570953,0.06398264607602236,0.045577709186248996
30,0.019149296259217855,0.011778839352753975,0.007529021104247968,0.032455488507404456,0.02952940320028397,0.031628513059205964,0.04282208245129072,0.10108747171067599,0.025498323014043426,0.3017233987634441,0.1105881452155023,0.048141188416564465,0.0008076915821029299,0.03198690890567567,0.0019955105920779186,0.03446640684375101,0.054105753494026625,0.07864382632957877,0.03274705255374375,0.0033156786444081413
31,0.041544451717532876,0.06575843751433759,0.006111451231158914,0.014471457839136722,0.06265476246936652,0.007171748398394451,0.006510798467031252,0.0750272188713896,0.015913742427004957,0.18427956402436788,0.2507631437203683,0.019635142490671165,0.014751921573586086,0.038937769238648785,0.009486383367207776,0.010155979350189229,0.01581180050349351,0.04994125534641671,0.03694718909721422,0.0741257823524835
32,0.04983844045225841,0.018650490232675905,0.027621949178325646,0.03233622895818694,0.04480392785134448,0.05855787173632792,0.08800066796714856,0.060717277813099976,0.12201377741698032,0.03041013659648989,0.032062062772796295,0.03646498516739962,0.009230603228059369,0.01623617013245319,0.03813328771270145,0.03595188826302379,0.07544236264243129,0.09274971202200079,0.03374182571679766,0.09703633413949848
33,0.011479990673970611,0.043423418682143895,0.018222673547215698,0.043279086802863846,0.0806223518325133,0.021990944399174112,0.05874768806060492,0.03721541314651219,0.16086644504668923,0.08008609531425917,0.05590771056115907,0.015884235401810255,0.006523358949598855,0.03387082304718485,0.10781903939314895,0.027962937227625474,0.017916109901454952,0.024249556274173457,0.08730505229830593,0.06662706943959125
34,0.01795391234037429,0.03181928373058901,0.057077935392029815,0.023685004386797867,0.08112731975226985,0.03055718891284517,0.04980163654861836,0.07443084504585404,0.030358450241964187,0.0330868581147852,0.039193072943557374,0.0351993034874459,0.04274302879279125,0.018354685620967717,0.07165100042045733,0.04324196147183097,0.05707165946318321,0.022384272812338655,0.031369805789277345,0.20889277473202247
35,0.025200222956033334,0.04545028574229282,0.026563326274385374,0.06243488237624971,0.022396242848775505,0.04542822057410286,0.05212760482609058,0.03851231825530483,0.05216849344210285,0.02134238670006651,0.027958886896038593,0.08308091184912135,0.013332309494146346,0.017359496425228604,0.03979286179954887,0.13019842104856308,0.14858549808808416,0.029200858500025923,0.09750409002590137,0.021362681877937363
36,0.03864993183273114,0.11821776394629899,0.017150382881973902,0.036514746594533694,0.06020942121634929,0.02572949766679286,0.03230140765341308,0.0731007231615502,0.01772365388552576,0.021880496385053686,0.03217432109789167,0.01843915564986499,0.025488255821873813,0.04396785950963226,0.0169085736997467,0.10731266655943286,0.09736102921828446,0.06674995340272022,0.06127838499112609,0.08884177482520433
37,0.07917658060991042,0.02460237698787944,0.012439543978964374,0.025788406603226854,0.056225165855913806,0.06412997272811395,0.030943941805552346,0.032193449025076794,0.0563749214876398,0.0811730679310435,0.06031311430898387,0.0676236873292296,0.005785083311329806,0.07138825617149339,0.08029081756896077,0.034516869935992144,0.03982522902676157,0.06298675226639766,0.02794754596862594,0.08627521709890393
38,0.025484665128658348,0.042898035871765695,0.03737934441120593,0.015968303492888147,0.02822109135494961,0.042257424498990045,0.09786618462015446,0.045437539274578,0.03610775361847699,0.012852301176549662,0.030334130146648278,0.02102433154395127,0.01898566260192541,0.04555951786467827,0.30011395790355455,0.027325359272285733,0.0257943971671786,0.04253141162606489,0.04193123185450929,0.06192735657098679
39,0.06279315763307494,0.0654116182583057,0.021392172799489968,0.03191555559250384,0.03464459348419135,0.01926179189270751,0.1098605197013216,0.12533786588750334,0.050436841827826435,0.0440621454213142,0.031171966075229512,0.10299096054662728,0.01190935647473034,0.0885144213549197,0.019599483465705034,0.03931169604052334,0.06053049821605597,0.025557934862524962,0.019515682602599546,0.035781737862845484
40,0.05192207551343946,0.036609322777402926,0.050460208413372724,0.17449020394514772,0.019172461919616735,0.04368102600940514,0.035806301102195286,0.02798567522769951,0.05004358717285403,0.05069849345211895,0.04401318773693062,0.06858421705069802,0.021375889021863614,0.05237317884584805,0.01032767162392903,0.04795230800819018,0.14854468543679908,0.026339692719563733,0.006853688362852864,0.032766125660072275
41,0.08062956106286347,0.008969363224839082,0.04100775636610583,0.028001733412999722,0.007135404012928798,0.03546841235311431,0.0065153540571434125,0.02751707321073524,0.23251995890900934,0.01741837958671847,0.035173617062659625,0.05379126900304916,0.04490363672848848,0.08566485391582797,0.03007688209154535,0.04928042174085295,0.017109729806183915,0.046677176622133706,0.11638835913453106,0.03575105769827011
42,0.0769600152661415,0.028508255105907557,0.033314509181524087,0.024868955314126844,0.019305601063160798,0.10830765777012966,0.01837207102026789,0.029399775282748418,0.033914443306899536,0.029115184880852206,0.043494537129596125,0.24433351350716467,0.008028789768162943,0.030867195389849472,0.03316263958774414,0.07663790726333167,0.019903054378365585,0.10855940552723287,0.018667337007774464,0.014279152249019595
43,0.03721589233251458,0.04304197511428564,0.01459833309408244,0.029876562938361405,0.18053706363601546,0.03176466950008534,0.045328257683265406,0.008748042757508082,0.016165824226737346,0.024336714749977725,0.05570962613309707,0.01641420715787399,0.15205364913243508,0.022502812970441946,0.017920212975677446,0.05117992510878459,0.05921597592850214,0.03499789223342305,0.10296695902492481,0.05542540330200651
44,0.08194930346437557,0.10768077582745814,0.0033864625811817176,0.05025621382545063,0.00621786919452007,0.029024376593839246,0.002992907771051705,0.04527216891353244,0.01249238770543905,0.01297443356294841,0.3055432139647684,0.024810401336681595,0.009324652131044405,0.050253209429146094,0.02703554419296646,0.09294110516304924,0.057861348082918575,0.03877832904854249,0.03295540359653911,0.008249893614546621
45,0.019449346130024473,0.13784429849120208,0.005371705205870426,0.004967874603076385,0.04908210907040979,0.027916647154724028,0.01396501746659248,0.13511757785438405,0.008336101150646147,0.14719078694366103,0.03326165578776036,0.01680234060153767,0.029425154131625386,0.024720592599407502,0.006029758923960928,0.007088558256880822,0.11000417222915282,0.1598137654785977,0.052881194666939246,0.010731343253546638
46,0.027928641598858963,0.015588387682470114,0.023717931757601285,0.039317742082802636,0.03500944004160904,0.02432711487919698,0.07587327408728611,0.008586978146545328,0.04339708442493619,0.025815646291110432,0.0506463300347224,0.05468861691381188,0.03151035345340327,0.035007063596753554,0.322604605901853,0.0524227698260117,0.029201819919467163,0.04299241249754847,0.05162946376948072,0.009734323094530734
47,0.17640831152606185,0.055629696388842034,0.01596204851190739,0.007022704201872633,0.02638143792173381,0.028066992044504576,0.0052214325782629235,0.046755916162606284,0.032480996863634606,0.05515937146331398,0.2310228391405947,0.013313126736484247,0.01364337382717766,0.06515958353531522,0.010945582424238282,0.04147752513955363,0.08071783695758035,0.031029048170951524,0.0315337106378235,0.03206846576754076
48,0.155093663539944,0.03606671200597514,0.012579678999585744,0.006336840971070893,0.018206929682627514,0.03250537225557056,0.017355533252892793,0.07656960208833789,0.10272544813910897,0.015753886368955312,0.1199510905132149,0.03723032381876507,0.012243768923824472,0.03730776535920171,0.020496256238842058,0.0487397827682917,0.10083884345763887,0.10691836138009632,0.0328827510853637,0.010197389150692402
49,0.03221412647444654,0.05252019354713827,0.049528193146629575,0.012645955311842469,0.02494513760309629,0.04371494289044732,0.06312253408958111,0.009043802604316642,0.02919165078140607,0.04428517587809869,0.031005835586255262,0.026435113743671697,0.023492417977975327,0.012204332473399948,0.011180427055763427,0.03876496493690853,0.046460338925655,0.07727105747840667,0.35665716125581065,0.015316638239150384
50,0.02825983621271166,0.05653209537620444,0.01443065644643925,0.014655447162158492,0.12469595706972147,0.036285265504900195,0.04970841162718108,0.044328924508321176,0.023204246399798255,0.034902980965114495,0.10154566545406941,0.044474300479355716,0.010656569841166324,0.044919183750874586,0.039267245979234165,0.0649916700888224,0.04409621771333052,0.015735875586691303,0.1151379889799191,0.09217146085398596
51,0.03210849927541476,0.042560029789692484,0.015995408049845908,0.024525778279007256,0.04351552294506565,0.006399455648469535,0.016114025770021252,0.04513334439601348,0.05849753696017565,0.0665365184802163,0.19374654398922606,0.09826226430912285,0.022309096205094244,0.0734781375517417,0.004173768257090101,0.02896603432341418,0.028533834200211914,0.04061058188869138,0.10667359683246111,0.051860022849024225
52,0.08384490182338997,0.06320335703389597,0.008339759927646096,0.05087149023545969,0.048024741563702636,0.10407353476097399,0.02484972402912508,0.009346161959342845,0.04922392699111556,0.007362597162988254,0.08072842410032749,0.05311071050305753,0.046092103820483725,0.05189105896785385,0.013442672465882037,0.12888642120391258,0.018691152934535937,0.09005064170298488,0.036784865432492576,0.031181753380829316
53,0.03560748371148539,0.05620469291588397,0.05853946391428807,0.019924047014473662,0.03806186597850298,0.11155986773283622,0.016752290436378967,0.05399966639367966,0.1311852718141344,0.05247594567399645,0.10933466989353997,0.03855918607168563,0.016409754934012213,0.037183390430256535,0.02456923272406463,0.04942746154050906,0.054133818828867905,0.05143912056376041,0.02261870052863345,0.022014068899010447
54,0.0418991637867763,0.07248694325794193,0.007607363515920511,0.036014920216517976,0.09217656723506602,0.007549379866663577,0.032998649315379006,0.03291522274367347,0.11861232806360103,0.046305849970570225,0.03293177240323864,0.03889699227544549,0.018277398905985724,0.0730958883527639,0.15830753985144083,0.024958711551894518,0.027583474965187503,0.032742349078306206,0.050337458406090684,0.05430202623753649
55,0.10683540816678473,0.05582082168952766,0.01212367008507419,0.017656643782775323,0.05936879594015312,0.021240740632610243,0.14575114788468338,0.030495079522429358,0.03567190442299549,0.04711270278545978,0.03300432111011704,0.10468517699683491,0.012010066230220176,0.03229897070547982,0.02860763349855715,0.06055693547984115,0.03418183104445183,0.0456802479670118,0.008621543991308862,0.108276358063684
56,0.056882146808665185,0.03467113670219723,0.009930791785509794,0.03299569530167274,0.06552260517250073,0.015073917131340831,0.016718142118511865,0.05077299693647593,0.004780802724590889,0.04462505833413064,0.1391794436673322,0.12724835214054955,0.1419844720332955,0.049405045564129633,0.014785100208101693,0.05841011385315596,0.05230153233944062,0.056052641413422796,0.01944263899100181,0.009217366773974334
57,0.06936616768613933,0.08226091810596879,0.01969987046323935,0.006844861067305564,0.038940675492342605,0.028387213344808215,0.03369108787880759,0.1448133807186117,0.023670306775820764,0.12151997451719723,0.06463942809062849,0.01214169581042781,0.02767409380296417,0.02973089013087888,0.011025050748142674,0.019903776759664617,0.017494964045529315,0.23726259350502366,0.006506885792125558,0.004426165264373757
58,0.0868933822435028,0.04438771705697494,0.019177971966859993,0.01343024539728212,0.020937688117906875,0.06387715381791127,0.005215442979363701,0.03872418547479431,0.05406765358582363,0.018070446518553693,0.11026951699078943,0.0226249204016577,0.03525297508370334,0.029374071791225167,0.02793431875771368,0.10687072256138551,0.14808987911946872,0.12929563043101533,0.010675009556075945,0.014831068147991748
59,0.2610820054882035,0.07346302684874459,0.03783912286107107,0.04656641501551536,0.011846180579921161,0.13348403083923283,0.025809325919752855,0.018747595082984597,0.021403157992406874,0.005537020069615828,0.04860727420133359,0.11201913836568299,0.011851228963362747,0.029095876040174846,0.02069489857273298,0.043582909504495185,0.02701507798515836,0.01513166730468135,0.015164472333801863,0.04105957603112743
60,0.02666353918725057,0.02784483258464591,0.030165738842825245,0.043634148542359925,0.009664127504801227,0.021908526855184303,0.05063891637888686,0.025327338511149662,0.16202761649726594,0.0360596901217496,0.3312547627477758,0.03220551920290979,0.007858893976234032,0.019747913220918727,0.014369192902916867,0.02334310398552995,0.012846873366906621,0.027208399125153437,0.04884156125889659,0.0483893051866389
61,0.08098548435646188,0.06063438128874698,0.025413618636957867,0.09429196912110073,0.03509041185303661,0.0262878114703007,0.018034816794124966,0.0306902689649835,0.08620792342577895,0.03454421949245902,0.03129106695196879,0.04428045515347003,0.03961837776317112,0.03568478794530052,0.10042790304121829,0.05513044446667678,0.08003073720026019,0.06767750589853576,0.029895710800488105,0.02378210537495926
62,0.04079965661401389,0.047533460419860195,0.006088223672877666,0.029873160833023632,0.03161540482868651,0.0578985517389802,0.06601286304553121,0.04971872745915615,0.0927134241608981,0.039771278078678085,0.06854608047794533,0.10336777167289744,0.0322063935834955,0.07297974873028956,0.07070331389016936,0.05827256237932571,0.03693321429928695,0.026418949837610176,0.02014324715456151,0.048403967122712846
63,0.09615621727920726,0.1007899167755141,0.025418146053532337,0.054259834506482585,0.02838902749961559,0.04003160046752119,0.019610073679217983,0.11759954055611724,0.11187310940791242,0.0635404085162096,0.04649847894926045,0.01849578474307342,0.02567372848735776,0.04357202370500577,0.03276429792565629,0.07554714212221116,0.01317116867767872,0.047565348601236304,0.017180933198495237,0.021863218848694625
64,0.06840264430871028,0.08525049956514813,0.027283642149482482,0.04169855318211471,0.08203219827628976,0.04639628160652719,0.05730835095658324,0.05667545713649655,0.05490126524501934,0.022625536855567542,0.07323462243688524,0.07521916562776894,0.045314447843168515,0.048593698291069486,0.03967352658135394,0.042235417200410186,0.04007596630842645,0.026172068429873234,0.04281860241850689,0.02408805558059793
65,0.042637237847027644,0.06063145289151196,0.04955408682228951,0.06035517651088247,0.02567454947865171,0.04319084581031064,0.04846460020246554,0.0672945914880792,0.09105246083984234,0.0481473756279317,0.059228608016207274,0.07582997315384774,0.05390141078002076,0.0358784774605625,0.04934624539978816,0.03507503025354011,0.045865495570543445,0.05317855795285235,0.026124784722772944,0.02856903917087206
66,0.03536066846774892,0.041096194617827334,0.037425786193861076,0.01590911382522107,0.07803991329321405,0.07183759186886189,0.02592534174143302,0.04814233756355175,0.08820715289365581,0.06773378182302801,0.06373294542276087,0.049509602250783456,0.023033869200971637,0.038377071254839135,0.02889346139412886,0.07732276567819142,0.043972520885777674,0.0878582014036237,0.0560855171459331,0.021536163074587188
67,0.06115404539876996,0.08515613278505799,0.0071474669987196095,0.08484635940654774,0.01762050880285764,0.0252231517232502,0.029733853621533864,0.10123566615476917,0.026471886464026782,0.11193785032669776,0.024770940564982913,0.11974897072298776,0.00587364631140238,0.036665339358696473,0.01941806352346977,0.057024924009469645,0.06490838855087694,0.017790978952835733,0.029794887631847927,0.0734769386911997
68,0.03575486595957582,0.08033403572138498,0.03722886983804216,0.06167477274726579,0.031235758213617373,0.01677312301527895,0.05253350050173726,0.04411291669852394,0.1176445811743652,0.021221703528230374,0.06554192343122649,0.04862714520168555,0.1093337334067113,0.04213342762187236,0.04147652028569618,0.03656814405505715,0.04454685372663128,0.06561979988517434,0.022869014071731426,0.02476931091619207
69,0.027695697436863866,0.05825235752172616,0.048541411221516964,0.028895718298476085,0.042165010042316854,0.039646744597511135,0.1111999463875032,0.03423498580937039,0.040374003760781235,0.03827372816455892,0.013501270802283083,0.06765250688932163,0.04150836150462374,0.0418239384892789,0.04696041804431515,0.04920722224615626,0.07673360274088714,0.02348555136925347,0.03960799314835452,0.13023953152490125
70,0.01915519383028518,0.04669304750113249,0.08552362522566814,0.04873626372726747,0.02332031639651957,0.06137083089248374,0.014812000306110672,0.02640196749777769,0.09750755044859447,0.038604167475458494,0.050713358380942625,0.008461181249717245,0.029320510053690522,0.0813952032932482,0.12288816748349304,0.055221005346736025,0.02958260542466161,0.032926829713913364,0.02730226601721206,0.10006390973508741
71,0.03565756541339626,0.17406259224372125,0.05192474331952742,0.019537996686293743,0.02001610043719723,0.0640367237556464,0.020200255395802023,0.02992676057582313,0.010997184372930416,0.035127321358196205,0.021547794803724263,0.2013035537459723,0.018021192726528225,0.06867569911157768,0.010657530444281868,0.04626599417479113,0.11151941869430838,0.03154659604523404,0.022939382118851655,0.006035594576196353
72,0.05780593443843458,0.053366798616522104,0.07061241641522308,0.07281551146829163,0.03049078893354705,0.04127808109981912,0.05135732100237592,0.050420216260410634,0.05181649934455055,0.05595062612676085,0.050980268910460425,0.03786406264508285,0.029034002827287374,0.04422405117303273,0.0514918520496617,0.07661742921811117,0.020099953863131927,0.04288377546658503,0.0834679803075052,0.027422429833206148
73,0.033364767143748864,0.045699250961499294,0.04365071777813925,0.01824591266524229,0.044815466796019415,0.07536201951135259,0.02524739778004151,0.03384083448547576,0.06329884854187029,0.03496767321486796,0.04320483119808836,0.046643433679781625,0.05823113869136682,0.05512817129144853,0.025963253681601378,0.06558376053246538,0.04138757680172063,0.07304711577219093,0.1508046152508646,0.021513214222214475
74,0.0327603277900902,0.09917211735603965,0.011298040414750328,0.05853390529469319,0.06125434923864231,0.05373327771747081,0.04032033238100104,0.016369483402509367,0.057483042535375214,0.057588385737890053,0.12959320450925196,0.013393447448226061,0.02437635475170481,0.027859516350243127,0.0361076660041622,0.05930215037202278,0.06367741831931459,0.0481685240850244,0.07521010117551631,0.0337983551160716
75,0.051372412048209824,0.05722673818970059,0.06641344130135822,0.11686853412117612,0.08294761511160341,0.005174600541738945,0.034690377042964286,0.038130306357338856,0.046836866323013183,0.027598543571170808,0.07859211237260004,0.040342010869378435,0.011244516206114732,0.05290850467479827,0.01904153684060851,0.08310733969633254,0.04275234105749948,0.03352400490751892,0.08618801680904781,0.025040181957827052
76,0.021902331183893207,0.027447797508116076,0.026362545068626588,0.023710575202474878,0.030884823340817057,0.07573492404675794,0.046850897974567846,0.06468038589408914,0.016315900090146957,0.043519207591432726,0.01908193548010517,0.059812559389313444,0.030798885387524625,0.04201563026963424,0.044764683993460265,0.0672478056640379,0.04889344934220488,0.07095818792070234,0.16839726940132288,0.0706202052507718
77,0.05991916001916811,0.12232467791210677,0.014879837946902126,0.013074660552137504,0.1927908062862529,0.003100462750606769,0.05011930662992329,0.05673258222108085,0.006996948389663974,0.09734395071800138,0.10976176771194432,0.023179599157537457,0.017843865898146252,0.02676272564432283,0.008900714045227943,0.015739807830318288,0.0215079699731846,0.07953760526034775,0.005471599746537327,0.07401195130658957
78,0.04210522897732902,0.04530137616504879,0.006506761032365742,0.022727538223741357,0.05122757865482279,0.01563491117970842,0.08556715214013692,0.052246760422102446,0.03184675490131552,0.05232958165748883,0.1086689635108122,0.004361346060651846,0.008334712047163385,0.02914939280407582,0.07553870292608712,0.025902018232503668,0.037550957629824196,0.11666927573373291,0.10232528973207151,0.08600569796901748
79,0.04512449476636756,0.04417432553494382,0.025984345619437545,0.017031145929673464,0.05386523982444261,0.050838874405940745,0.050454307329235844,0.0436465694954326,0.04642062995041077,0.057697290028756586,0.043636286222841554,0.0257116126459787,0.006187753674796109,0.08318513279699867,0.0454037244324193,0.10335766176160505,0.12917204220472017,0.06748197575515628,0.054770303639828224,0.005856283981014365
80,0.04531700782751611,0.0448576489808551,0.01105106249001064,0.024901122980421544,0.06195399751875159,0.030857104244555723,0.05093705457570212,0.03420595488467257,0.08642945073356047,0.0662758895292512,0.06895480434494118,0.055691494748423165,0.05218856627707853,0.029848598354304267,0.05974003922523153,0.04870474415183994,0.04665331355830212,0.05116490148584362,0.025677215140359016,0.10459002894837958
81,0.042901223878041614,0.05325854145592389,0.009131179334273399,0.012922707912754083,0.06296884357253126,0.04075038757750894,0.023422321021453724,0.0669529617178935,0.08648830407321985,0.053897046981747965,0.13957683622158096,0.06609849780705862,0.0035121963463928493,0.06623714616683297,0.0902667767728015,0.03539128811079524,0.05256256817640402,0.030449854880017186,0.02870773144129754,0.03450358655147082
82,0.037419938455656575,0.048028720899175883,0.008290933877811154,0.02148408116781803,0.05693765863745142,0.040488099961306444,0.04347989112124101,0.050943606893438534,0.11305591149332153,0.09531302762254676,0.04581346792385421,0.04256222634625056,0.036843674658222844,0.05646502878082317,0.059676220948032786,0.0494245215813397,0.043424702188920535,0.04895050084631623,0.04258660560301265,0.05881118099345997
83,0.01989186197451512,0.043298459599130056,0.3007127584752168,0.0350531206770084,0.02077627323308479,0.03368855428277837,0.0438229163479656,0.013313246249905129,0.009115780855696648,0.020016235261011376,0.016129872023394602,0.05590871571702369,0.03038771404645268,0.06696132971165997,0.012721555090540605,0.06782869792369577,0.04653322453164122,0.0824253264241844,0.031019123986644116,0.050395233588450654
84,0.1721035170009989,0.10754457324365617,0.047938760258113444,0.005257723712185979,0.022859857113972717,0.025111180406829182,0.02764380336214854,0.04735136097931225,0.029733367142205005,0.08178099007850277,0.023876684588631347,0.018439174546289305,0.060899662153591064,0.02957428507302986,0.026954879353799352,0.09504210278236173,0.06060300904933115,0.03331666181281322,0.04445128132409869,0.0395171260181293
85,0.1125697008080043,0.04732801136807814,0.028489238311012,0.017268820285666675,0.05281482362222174,0.10896847031999869,0.016941631604890928,0.046813369027069514,0.010060582897670924,0.012219726057745834,0.218670918831437,0.038751339681959596,0.023042764282990742,0.03868688912852937,0.010447809788717736,0.051322333453325236,0.032356739373486605,0.043039014907872056,0.04904775569983771,0.041160060549485254
86,0.04345143515938579,0.029475331671822112,0.05898655128655501,0.0915207256540067,0.007745592491918073,0.06603701872894795,0.024969115456124524,0.02436303389968463,0.03424867043199808,0.016607605355434554,0.026110754570043145,0.12548306316312538,0.022995060220940222,0.008187029370669178,0.04627458562771168,0.1447617438268935,0.11357569524371795,0.05223967721924012,0.037428190467114396,0.025539120154667017
87,0.06486666780337953,0.14422391736300363,0.09217581465063936,0.05735923046313691,0.01593543906646271,0.02783555690479899,0.04468109116595213,0.057558229574677475,0.019995192265341903,0.047601613459404106,0.08080229138168682,0.0385233174637787,0.026410664723364636,0.02709367789667048,0.035729182544743485,0.06756746340951068,0.047856125178299236,0.03307079140463515,0.034983856545437654,0.035729876735076424
88,0.04264163495253805,0.05188159026273389,0.02296268439613559,0.014930565016524582,0.02637992177331258,0.0434864889212669,0.06957993104184276,0.011946467594364785,0.14798594534477166,0.04649615012626428,0.054891869741254415,0.009362339934586478,0.01373319691529305,0.09862147113903434,0.18899356578728263,0.032654954318736225,0.020327470787811767,0.026249762461593048,0.04097275100701951,0.03590123847763346
89,0.03553989341216747,0.07256687900062445,0.058892770113590516,0.026795391023496016,0.018793043549351664,0.05909047847595222,0.07303552469492415,0.042590789381900356,0.05336503580790154,0.034849196862502776,0.0522642011023957,0.0846024185995682,0.04391427760746928,0.04688969699924381,0.10456580106691127,0.03888780484345924,0.0317819431722497,0.06049426586494359,0.03215253156998599,0.028928056851362106
90,0.017501742860111424,0.008731370361564985,0.018054451854477984,0.03672341752217134,0.024190615790683604,0.01732669157734732,0.03109943552325533,0.04629706017775252,0.3018984085744183,0.12021750539598058,0.08882701978891905,0.0039496460891006,0.012340152040366916,0.02627774550955795,0.04434625662714497,0.03202223137083333,0.04451084656907373,0.04321796346894416,0.056332193649701275,0.02613524524859463
91,0.02383432689696698,0.1017776354116782,0.007919071771489223,0.05093553735767549,0.006275313204353668,0.10414737054227412,0.014838005685852348,0.1355874517515135,0.015451015180547176,0.018465622129788303,0.04530717823785611,0.07854469643390809,0.009625638189793482,0.00669826263129534,0.002525927367889232,0.07754551222462487,0.10974412549277544,0.13220447453656403,0.031001455634686623,0.0275713793184678
92,0.12622344128211294,0.016500082447843234,0.12759430054214596,0.012587430071941703,0.013395514214512582,0.08494402998271086,0.044828137584265675,0.014962360431144078,0.023093659712971355,0.026884603884877328,0.021757693484586796,0.10747981267959722,0.018075351068077453,0.08018452047379575,0.040461792712529664,0.15590103891056795,0.0523242810409259,0.004791946821905181,0.02097855854507339,0.007031444108414974
93,0.05590461484098821,0.019033416556385255,0.01472571946112712,0.016280050493565863,0.03439459385979068,0.07084921732455186,0.04779182178605705,0.1237971475777159,0.02556265096695217,0.036903525035959575,0.08158014971981443,0.028981388587077776,0.09553318106739958,0.04186798994630683,0.010480294169674031,0.10163523485579637,0.04776323816104557,0.10009687677344013,0.029614764763318736,0.017204124053032867
94,0.057044926498494374,0.02377180472122888,0.05824830763695829,0.04167029365584577,0.016120308449345207,0.02381682767116234,0.038557358503867614,0.11633651551997139,0.08675731613508388,0.10595255583982152,0.05395169509280585,0.06788082187397704,0.04156448789322615,0.027857774275907424,0.012915838455536403,0.04565741722945571,0.061502185592390436,0.053485639399742255,0.027466112436991232,0.03944181311818828
95,0.15177147514506026,0.04645319248734247,0.05193397066500606,0.044792770253433964,0.03569399967661309,0.08045315303405533,0.004131446406253719,0.004530875744675735,0.022530529987467296,0.05525746799127683,0.13601822744783346,0.0075097349102256185,0.014192096439005777,0.023263007947831996,0.021392934315321084,0.05397368148828008,0.13523434613990468,0.05230892402531585,0.04876009738709401,0.009798068508002663
96,0.04157393835340763,0.09834349385424263,0.021354677585241417,0.052771436319013716,0.029236078546394775,0.01275630406185819,0.1087469000634102,0.08805795324346458,0.017433185625425382,0.11659972428850267,0.05152704661920502,0.021548334402873136,0.007186085476818522,0.01867323100555451,0.006258801290177101,0.02703087055795556,0.10874137482480781,0.1451469003787493,0.017616282756447162,0.009397380746450693
97,0.08386114697279277,0.07952650756186233,0.02745096818481839,0.010783495622993694,0.03020633138264029,0.024984910196409173,0.019082141109935617,0.06927577511240156,0.04488929455920767,0.03753155481427884,0.026035131707661367,0.04599697805661735,0.008215638737370305,0.023053715355707466,0.023929394828890678,0.1672678105292803,0.15186642073340928,0.08288118599900138,0.030025348998949365,0.013136249535772197
