site,A,C,D,E,F,G,H,I,K,L,M,N,P,Q,R,S,T,V,W,Y
1,0.017640764166042752,0.01631502837522101,0.018583814098692385,0.013488748372680397,0.04148277877649634,0.009039371590846954,0.011526730695056131,0.04665078793935576,0.043691224286339266,0.03194308124170264,0.5256719519595499,0.019134041398658375,0.02605339954065787,0.018342379940052063,0.019248792268672744,0.026388089211642075,0.027990525053771337,0.04896291667157878,0.022591525058885155,0.015254049354098168
2,0.015162512916383713,0.021146326823199196,0.054152712962848105,0.21894648089768198,0.026832649645958554,0.02617866612769843,0.07063272404905134,0.014970711470601618,0.0261883883992417,0.05206310656859398,0.04094253385737445,0.13290630938169662,0.008463448935507647,0.03191562912904808,0.015272149577627302,0.07853558504144134,0.005292025793289699,0.05291246033767402,0.020514746353304435,0.08697083173177779
3,0.015637322462027727,0.0399259223600771,0.03905460467269749,0.011651337599142442,0.0603969810753807,0.01348328702068769,0.09279676188724456,0.048098518464393746,0.077773102401544,0.05000216778259039,0.0807195305016261,0.17316458354407727,0.018212191279567004,0.03960154433114352,0.13036177516867292,0.011081446404857562,0.01793073475689362,0.03197750782634428,0.04234040393374751,0.005790276527284409
4,0.01005281308924271,0.13065966454201325,0.029319452709882184,0.025594792225182152,0.00843851443422092,0.08932099194100779,0.17671506779142013,0.12796667304271303,0.009386908123503224,0.04352741170795098,0.05682874285285984,0.10151933885424685,0.0028368679148001747,0.023676489581588737,0.01338630427128581,0.023453334765435402,0.057425037843889686,0.012696076523973239,0.027679035375344,0.029516482409439958
5,0.12590157444749475,0.1400908583631266,0.010275358904264438,0.04895591574339634,0.024618244429497164,0.029043061027085555,0.03053741029615898,0.06480098864518281,0.07098613631851527,0.04680494816719235,0.03723701685271758,0.03565216830608951,0.005516828084247957,0.06302838574569698,0.06993518231928672,0.08331409432755801,0.04127630270424298,0.02341335445227824,0.02951098222904194,0.01910118863692577
6,0.042297252917852204,0.017202262557703303,0.014866085258441908,0.06014587401998901,0.019865441618233004,0.02082423923292438,0.06953576235648821,0.005144328399229257,0.06120832409616121,0.2713830682579291,0.007978060606241191,0.027340112248453556,0.012348511592209179,0.12780307001394478,0.03759797133092094,0.028903334045422058,0.0560551384595657,0.028027234371084297,0.019656822774050554,0.07181710584315618
7,0.11326435449647715,0.07013677109153621,0.00628187501204143,0.015384209225860795,0.14827128243470494,0.002782736284658887,0.006802991261995058,0.08656195635417654,0.027068408642173154,0.15439737917497,0.062609064156023,0.018463183768330792,0.010016370883439884,0.004061397466315288,0.005495436958468534,0.028405735928223777,0.08100343230155448,0.10978330201379402,0.04051900507620526,0.008691107469050796
8,0.036580498702633205,0.07578522859855764,0.018388399530373994,0.038703579709312305,0.04653939940996169,0.026530455253428353,0.015296479564876356,0.2247053677282794,0.04095097747013883,0.07156113747710385,0.023680705949473847,0.016289853240927386,0.006564967000708974,0.027787024059237164,0.10226475486044859,0.02105878995650051,0.025182032039734698,0.09571588838608856,0.01786273950260033,0.06855172155961425
9,0.04920667129455644,0.08718787596239724,0.06412008858411547,0.049040021937949034,0.05156407046256381,0.023271893495363922,0.009622038992916832,0.07279151962878232,0.19166747590385075,0.02057234160299235,0.10509900968154448,0.025949970453057414,0.0037575751563454383,0.010648444883049748,0.013290801499363175,0.045359829671867295,0.03994336499552937,0.0497675696291607,0.029368627807062404,0.057770808357531823
10,0.07376119676815497,0.04713871173374767,0.008654000395828415,0.02931299752017589,0.06417109201934026,0.05133789761628542,0.0667078140811795,0.08532763756106407,0.06750862024721253,0.06530036983933545,0.002119230317162736,0.03489477743699929,0.013718516323751182,0.039605922011169414,0.05822521820859025,0.07358179922942658,0.05874124769146946,0.03697060181886326,0.0773160975314263,0.04560625164881731
11,0.03468701226346813,0.06303082554245398,0.02367146384682279,0.0038404816367175257,0.06480829556483327,0.007736803599328518,0.061166597421471444,0.11356976514968846,0.020228974600152525,0.10628004939020712,0.15554572282040113,0.04526476215538755,0.009379899662967813,0.04101541634821619,0.013234223562446462,0.08020335843036565,0.02750658501242316,0.07141710508369961,0.032041281420152924,0.02537137648879577
12,0.04601298826327835,0.03509077013086314,0.048267914975957504,0.03974670118856195,0.07567239681840507,0.08387422368015594,0.07376371499666615,0.02689379913624272,0.009354654492800433,0.06984806572895261,0.04046867868463505,0.05859578524435578,0.007322459921515646,0.08573337340875703,0.020852836203812238,0.07790278430258997,0.03749641466193354,0.024614843549033115,0.0525227788642401,0.08596481574724367
13,0.06027679406447181,0.004686141343546985,0.03886875810290477,0.0880833839678126,0.07987522206711364,0.06173690364491763,0.034906752638830696,0.03650665314395299,0.07613640265756505,0.0948462669779917,0.038504609028752176,0.02260292867688348,0.03021925282108116,0.10495443580414256,0.03446684234939595,0.04716240048789573,0.013784607971229044,0.038353744230272775,0.044429002017264074,0.04959889800397518
14,0.10042178263382136,0.08049935640409044,0.015989679920377045,0.007711004679303307,0.042374220381612954,0.0045443483074195596,0.015971059552821288,0.010449460226481355,0.03386023516741579,0.004151016151654751,0.04367356344248281,0.2584090347355421,0.0486757996518822,0.01026489285024424,0.0153504876616324,0.17535831903262905,0.04636527666027747,0.022904912291528665,0.025265495930139138,0.037760054318643994
15,0.10050979204417138,0.04631035721337592,0.010881402612110548,0.033277881686477474,0.01536317988749308,0.00557903348021963,0.04827436854317988,0.013357747760988184,0.057774594943465846,0.04803083279760035,0.04398765058433012,0.022162241204500537,0.01636558930787894,0.008571956510825892,0.38425260411180395,0.06928440515145132,0.012126633541353113,0.012438507160234126,0.021316260892932596,0.030134960565607105
16,0.031250202965359075,0.015887916356398232,0.00962403075333835,0.051834240698823586,0.037835498144057816,0.02275062820909318,0.02302308087467902,0.05040783708680116,0.020567163137369976,0.03690923531295038,0.14636878114040414,0.04577508245524079,0.03752783699349008,0.09268498803523362,0.026383244827149627,0.05975366329036069,0.1628365363444431,0.010166182983612266,0.04550465100619212,0.07290919938500284
17,0.05688192847660333,0.05563040492285888,0.009648648740817726,0.008441027155074846,0.012067786221388193,0.11433904295633832,0.052116581491015425,0.005382358982447095,0.012834393303523959,0.054482255827941604,0.014609583505947533,0.03301939693713732,0.003915067414296658,0.005627323765303633,0.3395296086250892,0.05465729953695902,0.06803390932929673,0.01124753409271697,0.015608298761774947,0.07192754995346862
18,0.037469242880722634,0.016971536978472396,0.0460963691763936,0.4682126033399305,0.013010134731925246,0.04945996062454476,0.011199277267714174,0.009626595257226249,0.04955783695077395,0.011785447389343619,0.022786132340986105,0.011313364106581384,0.004608330739324484,0.02166792129057813,0.020249281038876125,0.03732088203677466,0.014176294502805296,0.08250378223465873,0.05626442336135469,0.0157205837510132
19,0.007653440911529977,0.052776304659107744,0.03490823416856943,0.03126137806399552,0.02212683822513452,0.011178186528975325,0.01020003904317697,0.380060386315684,0.029839129678577433,0.01268840859335886,0.05540604186072162,0.04173067021484234,0.009704444960609933,0.01281281137156073,0.0304067703625454,0.006703447165944223,0.05640523106251481,0.12456464938187325,0.04960701133144264,0.01996657609983524
20,0.011607466102627528,0.12578406244699075,0.0071379591966572375,0.01043713537381016,0.07731437155880329,0.012429407070018633,0.016089001666388297,0.08806078561836624,0.005601386948583586,0.29185964405987974,0.08747769984509983,0.012854402930012396,0.01934988677393965,0.024290889955271518,0.020491728194260657,0.006488651514731953,0.02004695332977546,0.06599841140809895,0.025129590298108743,0.07155056570857536
21,0.055181552914955447,0.03563043080366833,0.10698640977249202,0.08107995528412612,0.1137315041204314,0.06062967708237991,0.0019760763543337444,0.06897820127970204,0.0118107861400698,0.057658661973749394,0.04901061250319652,0.06250188289005144,0.00466421731259643,0.010288792790472644,0.03988189900108959,0.062229397100104916,0.08917798929582212,0.041419850628737376,0.017116788729840182,0.030045314022180584
22,0.05192229841597982,0.0946362404520639,0.06069176661462466,0.0369570583097096,0.0721019017195242,0.024882021559325784,0.04432357245005802,0.10585442838656141,0.04946737487196204,0.02634233357702965,0.11307493489282315,0.018871016261707153,0.002087999839017729,0.03425367372621007,0.03136807189301295,0.03328471693520845,0.043024300895138465,0.05923498784717318,0.07243673850785541,0.02518456284501435
23,0.026112358045337573,0.08686366454713265,0.00883668962597819,0.015681996451475805,0.08227752830087007,0.02995381770615263,0.013814067087293562,0.04865840396070144,0.050783305497429675,0.010017923923865215,0.040635383149145804,0.08382620216523233,0.0086704095605256,0.04988460961336724,0.02351581044634715,0.098865622954162,0.17665801960490404,0.05344804833468494,0.030064979050745243,0.06143115997464888
24,0.06996144785719384,0.014844146958962077,0.032437781648151406,0.03834437206342405,0.03262934234518645,0.09028864699784438,0.05742707916705858,0.0436014316551876,0.017783945317294853,0.006927106686378188,0.032310792587411465,0.06334091679769983,0.05037925459480491,0.15303909074164662,0.029727745688565402,0.014851759191461186,0.13967790661998394,0.03139775172099139,0.07308699848762404,0.007942482873129746
25,0.0742398991503282,0.029332678580510196,0.009450881478125507,0.003848811937111534,0.011002946870907764,0.006938945128506369,0.011150773373857677,0.12819441048996263,0.01249658382379336,0.09284256906027394,0.04740729289313182,0.0036424417274961676,0.009421030928611088,0.016908698969775197,0.010537776646302831,0.05975638996477742,0.21828272447180416,0.1602759227868971,0.0427018846271265,0.0515673370907006
26,0.016780117338901418,0.03362111466136021,0.4143715143214795,0.04429980058877273,0.012553215013737462,0.02037340771562211,0.037726315298347926,0.06766806813733951,0.012665460885827061,0.010479138594761026,0.05803069383876323,0.10182618569690186,0.019865191084163233,0.011587381920742691,0.017588176092747692,0.02300435086525788,0.014401326056869918,0.006923235323633609,0.028347234327117225,0.04788807223765383
27,0.04855666323150149,0.04428147314380738,0.02129305522017101,0.007948949610966451,0.011076066775507862,0.0059038894740171205,0.32023004994589377,0.0867996054760177,0.03298930815158564,0.09290329004235871,0.021211850675629813,0.05389151555858092,0.017869385845438783,0.037863769676153756,0.018128732578669024,0.017086380700942247,0.06715559675451238,0.0373271810745213,0.022340967028736447,0.03514226903498822
28,0.0168528939503402,0.12627963684451457,0.011122564659878249,0.02300700622152264,0.04135135181776373,0.05477549437769538,0.02148382604329101,0.05077558691555381,0.07399487744815014,0.0059266815269005445,0.26560173498882617,0.03686629444248594,0.0197940108042627,0.05994301796115095,0.021852702218368426,0.06904420219534674,0.0361124140341555,0.028840968501707892,0.0272082269746676,0.009166508073417807
29,0.10419150890054002,0.05453464760520408,0.052965704530532946,0.05796822587504237,0.062066613621842064,0.0175519372823651,0.029265950142673393,0.021531885629281933,0.021399492858753588,0.088151583401694,0.05237581346990636,0.0181067316394673,0.009723174193138782,0.04725810840182045,0.022288689222935136,0.04563485622987697,0.02172991970665524,0.05486062247033783,0.042243075142903055,0.17615145967502935
30,0.021890251635028675,0.1244391517498988,0.012734097500772798,0.00708572424278849,0.02098856725138686,0.018797438493461625,0.10759765703493462,0.16353884317166079,0.01827722429362944,0.08628986444882479,0.11463104180275462,0.014409030605010992,0.003934966737532477,0.06629648108216452,0.003569576532763694,0.014983002714007381,0.050917028758410435,0.07363535504472199,0.06791507312950079,0.008069623770746225
31,0.02449369612007963,0.08242601116678934,0.008677446735054828,0.002735649226389537,0.04437933101207851,0.0061626581342501185,0.013906429272914224,0.09408585696044407,0.009138507995290942,0.10345490994801915,0.055102144523115126,0.03384489042708905,0.004234712444384458,0.0166013795030121,0.005096368548348906,0.0044402662459589745,0.0649150124874276,0.12741728698206395,0.05117707181841072,0.2477103704488788
32,0.06609092696096928,0.09769629528510378,0.014578855752538622,0.02994505322611303,0.0888599422834253,0.06879753616477606,0.05962359668594769,0.012597239136024712,0.1273503358885974,0.02365593712845879,0.050670787545801406,0.018696439420320517,0.004098042781781409,0.014291523080316755,0.052252621612797465,0.027503512031501413,0.050645860026634154,0.06581061256324702,0.022152256265351708,0.10468262616029352
33,0.028942148282306346,0.02351485521067059,0.049285793208705554,0.04231757826625247,0.07296502289121445,0.07539768697954083,0.047584732203461114,0.03266643914953508,0.20594182904317385,0.021218036716054565,0.07569730715571107,0.023912181026983836,0.02072173512466354,0.018576266138248882,0.10976804297569515,0.03347123507357163,0.00941395988242951,0.014394304382793734,0.040289432808091,0.05392141348089676
34,0.021542692275499056,0.030937200893318594,0.02379444041983928,0.024932112051866052,0.06163366504523322,0.010803006820045829,0.09730734769222407,0.03714106268016406,0.04860867732682171,0.027876675147792337,0.10355647360288006,0.037882776343568285,0.04984860113513148,0.020275198863164083,0.022641348374302626,0.02894845808569566,0.022146771389545076,0.03823252494043805,0.0651669986145882,0.2267239682978823
35,0.03731650893221145,0.0411072208534056,0.05438317645424191,0.017180761948984987,0.0059103526349865735,0.021841739828283857,0.061751885880222325,0.024015500609352237,0.051461409802454554,0.009897173349869818,0.01839201473731686,0.10763849525223208,0.0217615366278977,0.06425617510085395,0.04816466704744765,0.13196426988759555,0.20707648283600041,0.02574767432229642,0.019613814885944807,0.03051913900840119
36,0.019386831713694062,0.01468771426152918,0.01738683021794559,0.009234490252573106,0.04815025198238327,0.05850847945939149,0.05079211198161354,0.14897171073005833,0.03881617882002851,0.06535008719956438,0.03329381265354743,0.05438596509546991,0.006953868940683037,0.09101354883160927,0.02057260185222512,0.16107035600565167,0.05500788622731301,0.01993231121923921,0.07674379283135174,0.009741169724128182
37,0.03520870968049091,0.0840397466099292,0.004514708023962069,0.027411589377807268,0.08922614138091453,0.0878483884758086,0.050350956676822045,0.0278064345669042,0.0671929804580298,0.0822010273203222,0.02338922523685544,0.04042882211728409,0.0067813788691492875,0.03278961088946478,0.038149358706011466,0.03002736393927506,0.020154985015421706,0.1062790156700536,0.06636925212490472,0.07983030486058901
38,0.02672327564388055,0.010825543074931422,0.013506930472217269,0.04540548349254031,0.03593908230420538,0.020597088324991266,0.02108925898803391,0.04914720799385249,0.045394423722047654,0.010585549751817108,0.017690366920418997,0.013523867740988382,0.0067507513599206845,0.015023125419350117,0.5573866151851894,0.035252003079203495,0.01983426567439756,0.009572595813588266,0.019958132921175452,0.025794432117250278
39,0.04686672443604934,0.1597842640287323,0.02132326278980053,0.011542799826481168,0.019876576686984806,0.015145273002619175,0.043204142453544,0.0974723177136997,0.02600842517257031,0.05779489116097385,0.005895667247216833,0.11781492622297622,0.004259164618690781,0.09330539107209965,0.03512900516068838,0.08152078153567581,0.05838708833472033,0.051243488970219686,0.025273291771657675,0.028152517794599465
40,0.03984511442045033,0.06998640994808682,0.16802953583477745,0.24190799921399184,0.021885698755576645,0.033873769358209245,0.006850395570382578,0.007410610671817429,0.08403284735883026,0.014337365835322854,0.044029462633473695,0.011836604640571888,0.01946706893843634,0.02496654592903875,0.0187566842850659,0.03966207009726903,0.04208051024080403,0.021446530659060915,0.0673051265092735,0.02228964909956055
41,0.022129188151737058,0.050253409942994716,0.04766101429680197,0.03856929241798629,0.009151644169686501,0.04038861120250218,0.013987928913572392,0.00650444406312462,0.43440028493417104,0.021232012051950164,0.04346659415707753,0.04348801792442089,0.03382510115951106,0.012676879094274635,0.07785290655060532,0.023032595684098912,0.01858241672142549,0.02951926695883426,0.018099544122968193,0.015178847482256836
42,0.09499553047515669,0.029328831527237646,0.05899347108810716,0.034859459963436874,0.010509401141715464,0.013019013014442487,0.02792386763521334,0.02602709710215067,0.02378231714130748,0.007495148119666031,0.020165834864724626,0.3047454929105145,0.021751196742727432,0.10306401582060837,0.018746596181968753,0.08472884878455145,0.019514832890225837,0.0054884514846534616,0.05285587599551467,0.04200471711607712
43,0.06630849799883308,0.04731458934642754,0.005967974507952255,0.03290394352173599,0.030917847305125493,0.004811879292617112,0.3123871394075168,0.004251453213782875,0.024444775853410438,0.01513959224147292,0.054437343607287324,0.021275476212350136,0.19413824574231686,0.02123922158424708,0.004443638373883758,0.04430096764472326,0.05026788996595812,0.020731503954890648,0.031538967719684535,0.01317905250578384
44,0.16997187257045498,0.1151987727157853,0.023693594657363686,0.057524307604911326,0.059632819319166835,0.036205145053985435,0.041439741509150564,0.044940842061536375,0.01624262630578847,0.04114492585527817,0.11460472994546513,0.05376176582255449,0.008469122209243804,0.025598332108540966,0.02958290072469277,0.048711098218611276,0.07464729662036379,0.021117745001448168,0.011114038292247686,0.006398323403410804
45,0.0032811650313239378,0.0987829044733608,0.005418015918731143,0.029890028276253342,0.05057985580824595,0.008639102141923814,0.007258529984690287,0.11588787377776652,0.008838519716394612,0.2293892788309945,0.012802540183646783,0.008781964452694248,0.016924398923887553,0.014164895843192154,0.008092951499400718,0.006649012304269109,0.03610565590672554,0.3141423885931552,0.01116369302369616,0.013207225309647614
46,0.018630608020798214,0.010308239303347901,0.0135344404815264,0.01022594802856257,0.024459526950701322,0.024427170017011154,0.009314245108554949,0.0421156588046659,0.04953507815311503,0.031928147038550195,0.054124686453931814,0.05821119334997882,0.010232197062290475,0.009857013091509922,0.4211699922519474,0.051478392887003586,0.01733976174409313,0.034077351231208045,0.09958815946763182,0.009442190553571393
47,0.06229150371594314,0.1727689881056241,0.014060181143168078,0.007432389313779427,0.009021211594448757,0.012837391493405726,0.024719008143918014,0.049361653162626314,0.02667480657772722,0.06680365853173069,0.33399298612432887,0.023647189913587267,0.006012370746974963,0.053943364684960395,0.01983906129831247,0.01330034749759028,0.017324493861937334,0.02326880593024175,0.012895365974168961,0.049805222185526195
48,0.021493440338777463,0.039750059983456855,0.01680527647738256,0.017054194374298164,0.0798325439286469,0.041356403642839906,0.03262207934849652,0.06651840589759163,0.22939519952418383,0.020964587756366938,0.04784131614399429,0.0327082697676774,0.014041654187020748,0.08803231501364903,0.02435940630611401,0.07825460359116823,0.02680908681941218,0.08120903214357365,0.015571430485458657,0.02538069426989104
49,0.014352922025681308,0.05296061055207625,0.01922050567348381,0.013505789445154681,0.030069409562459175,0.05178388855398768,0.011482120384032112,0.04421446713097016,0.013747845385813863,0.047361534974461134,0.02600300890507179,0.013002524329574041,0.006037692036568922,0.010676142558662033,0.024695029507407297,0.04176553286133055,0.006919911367174193,0.04992851665583907,0.4774806961665463,0.044791851923705654
50,0.019753331956624386,0.08479864355234484,0.027275187703502388,0.00586324162973043,0.278216017379293,0.005908708180035924,0.04323033343972967,0.054008629524588285,0.009476439186689606,0.062150549199066235,0.13176882932935052,0.01641002345021109,0.0036306837752748755,0.019859298494393697,0.020081516162307664,0.08865456115735859,0.026575935031153106,0.02508159449241383,0.026989711192775958,0.05026676516315591
51,0.015366421678393619,0.026222954334988696,0.010780593056883685,0.011006527519170332,0.052487623968556184,0.010320919216503448,0.04321204887697325,0.05091708179339379,0.0384784411087212,0.08840327526025338,0.1796561745375727,0.018483372350103194,0.009825613280095466,0.20159728894994425,0.048692204251753864,0.03251161479764624,0.05609839573637298,0.031920868601161514,0.03521190663543243,0.038806674046079716
52,0.13639977305403791,0.11213091825521242,0.005550969468845242,0.05148568890000239,0.005648830732409677,0.0853259906774223,0.028352054228598263,0.007535380209339157,0.03212668351555791,0.00375657630800508,0.03545498471127674,0.06421136483301998,0.053853216474887396,0.11020491043750315,0.020383125894559505,0.04778369465074518,0.04207746882400014,0.10804497385013406,0.03173299643251073,0.017940398541932783
53,0.09602265257354213,0.05348706269053976,0.015668637968640056,0.01538053788851028,0.025527695593703676,0.11854362324803319,0.04569232733109716,0.04985486558127737,0.037595890783481196,0.06168770564392876,0.11098144859112845,0.020026496621276233,0.010702257427566812,0.04360979498017664,0.012033918537527697,0.07005259283986158,0.02785196523263386,0.030695924516494034,0.016993309330940357,0.13759129261964073
54,0.018476311535112422,0.11636442329913582,0.016289400509048316,0.04874877509111372,0.03903124855715318,0.0062205299798921455,0.03494926909042014,0.05730900233549566,0.1762278215041298,0.01879596680796929,0.10596716159302355,0.01940228762273562,0.005812243240059412,0.05058583773820283,0.09381395235391769,0.015205135686801282,0.05859936734725784,0.046313039679610986,0.015709066833408582,0.05617915919551177
55,0.06173444145081,0.05504085195408766,0.009644126486444308,0.020239406714104933,0.08983386586003037,0.014058242121933434,0.10771206152266705,0.011000607406179046,0.01928187000487639,0.06820768748638067,0.03440687241064184,0.03394117678900694,0.011862948415914374,0.03165561916637476,0.049181233169830224,0.04923071152086066,0.06768213626972262,0.05397334547724479,0.07838399587157596,0.13292879990131395
56,0.04120483966491746,0.071946359633217,0.018653479526459186,0.027343502405281283,0.014157492601416882,0.018476206700134577,0.016840698474771126,0.09641035702244594,0.0084262295516479,0.01778959592996046,0.11172504381785575,0.06811286118294428,0.197773954217117,0.06304321795455615,0.014640377112072188,0.05840173833175205,0.0611714861353072,0.052182804141213214,0.02896315125251378,0.012736604344416622
57,0.0379390393647247,0.11159272784999177,0.010537321819535707,0.011078345956864615,0.03917672198591566,0.020876709670831026,0.009031062900804705,0.17551912685999704,0.010093776819447307,0.16121649998265092,0.04054334018970221,0.024586886112773418,0.014538947659041884,0.015954410564449194,0.011469520030922987,0.015004601647758131,0.015861808862056383,0.20290131277709944,0.04797973106738459,0.024098107878048274
58,0.07379643320755502,0.10190667685755851,0.020093030006845796,0.010186809215488637,0.008086274513038316,0.05668497465258079,0.003725570476080097,0.03017170008145825,0.07273308369617205,0.005635011708896403,0.012267212160440945,0.024500907854663495,0.017024524680788643,0.003344909764634903,0.038148774613954835,0.18225615873326356,0.16270836231617095,0.13180684131111328,0.021511661031776933,0.02341108311751853
59,0.26814106588148773,0.03721303856812303,0.007629227175459573,0.04946443131134484,0.025189331769784173,0.20127956200951966,0.05162646393128739,0.007369791345381537,0.02919470065328024,0.01131556240180359,0.02454129724875943,0.027258452775410662,0.029204130052007712,0.016795860520866523,0.00996849316321269,0.0501100347448247,0.061398335582352505,0.01583666417526372,0.048127874638479805,0.028335682051350494
60,0.02029973089159288,0.033888351840011564,0.04776667303349586,0.025447647332649894,0.023934323787403042,0.02908892921998498,0.10814232827782205,0.029714052649946518,0.022817518148948217,0.01888478004704171,0.1027123881556179,0.04614658161422183,0.004029371183841757,0.04393612358217016,0.03471247866104337,0.09748154473015377,0.06421631326879322,0.11221375568935436,0.08941465852790191,0.04515244935800499
61,0.030017647072082758,0.14720677793054565,0.0042567958251093245,0.05119261796354785,0.023808042547008124,0.05271149551907735,0.02673607953802209,0.015082843216898241,0.06307477809977137,0.013092687187043412,0.08168961981524649,0.0451758757418549,0.03572828339523916,0.06692085508358565,0.10479429387745556,0.02952394925854054,0.02976667801423795,0.034474264425018566,0.08067006306694528,0.06407635242276973
62,0.02396952696903402,0.027579956857947594,0.021038928630117068,0.02328410637399748,0.027335508479910738,0.03501861302623347,0.08053982297927811,0.20453394661911678,0.12124599776102393,0.036881525006002155,0.03262880304159714,0.12479210651733524,0.023754134219937134,0.02647531383914308,0.06106856306495147,0.03968730099605981,0.018928827635396023,0.028262637238631733,0.030049328351846157,0.012925052392440838
63,0.04096616924022978,0.09601576131137944,0.04956116010473019,0.02498279908476488,0.02508800443754798,0.024377450930271546,0.016528799587296795,0.22186022239589626,0.03494601395596258,0.09576912610350641,0.03181240424833539,0.020989125611137725,0.02267798184219221,0.03338972591782541,0.07876146266215706,0.04509781025294092,0.031032069309902578,0.07498159494337692,0.010046818366129997,0.021115499694415975
64,0.04532440217200236,0.08189383626597657,0.039146107225787194,0.013387187382379677,0.05990864890045868,0.0480028872252223,0.10336101592049121,0.04932664097561846,0.0898450608722638,0.026969464084576317,0.04513271178578596,0.05965852608109098,0.018253022702833216,0.05170580310447206,0.05633294099380521,0.021084721589613258,0.04960632962580485,0.07121879691052352,0.021072327933271823,0.04876956824802252
65,0.03576642163491821,0.026156687045786265,0.05035705617353662,0.056310630611803025,0.0544247159780467,0.043215152420697206,0.08010244400029293,0.036801240616688026,0.03943232811195021,0.049716711347819534,0.1429735171589467,0.03052106892952761,0.03619910774963101,0.04536312197516528,0.05190741445471742,0.04043794616016804,0.018311814261335484,0.052928840134499874,0.012873231876975338,0.0962005493574945
66,0.014729060109113505,0.06068157842222568,0.02715669966413426,0.05768673508023911,0.037113533944850875,0.015480238006717578,0.047307022408668326,0.07809803340853312,0.023511232916195526,0.13068975934607363,0.059179448620568384,0.026920281821584006,0.01582275757230033,0.08033357292216257,0.021344697831813992,0.009044179911226968,0.06651290826144472,0.11324782009269607,0.06413717263667754,0.05100326702277383
67,0.10274647072624679,0.0324037254155715,0.008525150317355195,0.1366480844119283,0.026562166083930954,0.01608964792764174,0.019343659107144726,0.1271245063761862,0.03143702204526838,0.06200496581924014,0.06544135054361958,0.02345995514492363,0.0014394933681574078,0.0625103591598261,0.004339616132411281,0.05636542948122893,0.08731537059324844,0.09232142855687514,0.02050932534508054,0.023412273444115
68,0.0618496031219582,0.13526500820433973,0.035662313841233285,0.032282672435015675,0.019871156458349377,0.028240017182961992,0.09518591011052359,0.015269013852195047,0.008080889626942277,0.014045847850123203,0.07834246587547168,0.09030232894016171,0.14873017457155202,0.02273295057871228,0.040950006347866504,0.04324734638702167,0.05378803605596382,0.0441069001669015,0.012664294428886922,0.019383063963819534
69,0.038886022751506474,0.02665973510948081,0.04548200936120547,0.028716200768311353,0.033726815577422374,0.08285835048438742,0.060742188072021176,0.018758402570903505,0.044891325515698695,0.06548406697795849,0.039115179063804434,0.062438462874514086,0.02040976712109524,0.09704693557464358,0.037750049885629494,0.07854925690395172,0.029840884138035442,0.031858120178751656,0.1191537695646062,0.037632457506072386
70,0.023290110397124655,0.03306398685403894,0.02842698274262753,0.019598782856364752,0.05259088951179214,0.06691968167900048,0.07285093138588769,0.03599462588849528,0.012367502683733723,0.040198281870050936,0.05013808488823581,0.0491729134963736,0.004886911442400298,0.07937355573977518,0.18353788732103896,0.05124930844148893,0.03427047914134972,0.0489967575277132,0.08617763821828532,0.026894687914222885
71,0.02652012382245762,0.13834544292453513,0.04873019714891974,0.009284040405938073,0.016983360486116043,0.042219356670966685,0.008821171090493046,0.040690075399466716,0.02251173692540889,0.0390250583106628,0.012133925873683485,0.2701848725257384,0.013736881991683986,0.06763603960950294,0.01449020248831362,0.05585477420716977,0.08459971270331217,0.013605855224053812,0.03169932382113875,0.04292784837043829
72,0.07209711325904082,0.06177669843210105,0.05930743559428523,0.08257324914718649,0.043394445417641585,0.09550086349794946,0.06081972104461711,0.057095487484858355,0.07010299782582641,0.02586121446715274,0.03750421437932828,0.041353516682576495,0.04670157259936179,0.05804746239251983,0.036565281236147835,0.04501683168587507,0.04569431852880433,0.040475426020690625,0.01698166719988995,0.0031304831041465185
73,0.03841338977838666,0.016242925199101782,0.03182052762469069,0.01566417632319675,0.02456340232050859,0.059323787452457304,0.15376035083691816,0.031772626511576384,0.17433067662398763,0.024134406196775995,0.04169378483327647,0.022021318686347165,0.09268767675850255,0.07781073519137795,0.04130954618578084,0.03688504580462002,0.052977026929060936,0.04080366394469805,0.005948393088835627,0.017836539709900453
74,0.02230496861222855,0.01704081212082357,0.05864771701732343,0.05502534468791432,0.07169596904847804,0.05052739259587419,0.033458206769188065,0.01949264696306375,0.02954814652326853,0.07352624113687255,0.10365563538487305,0.008015150422272656,0.005501741468383918,0.050376682919424376,0.07811129323937713,0.04409398993180773,0.038753062554350265,0.0756066970444493,0.148516981771679,0.0161013197883476
75,0.04252310387329602,0.032891731190140175,0.03974449582223658,0.04550022464288853,0.029543217933697463,0.041251838420204495,0.04641447143270372,0.035229735701930914,0.046777143885936144,0.06092086919839877,0.03863115410035985,0.08676213782068057,0.005678152953943791,0.07319758426687746,0.04608682289235816,0.1022508187113273,0.04185262846123334,0.05519409417294979,0.06698457464040164,0.06256519987843528
76,0.027477542983155145,0.01342983621086126,0.005313950405581038,0.1514001707158825,0.07471580913037178,0.01956666038777815,0.06139827455099968,0.025712783441578114,0.09343682856271804,0.02135445776344022,0.03475048323924951,0.04332035310805867,0.039428673807088775,0.05130165984419173,0.048211524882836004,0.0477124522949653,0.04895893155894668,0.11617459326746062,0.021663896241778873,0.05467111760305793
77,0.023905265981816946,0.033652538215375484,0.00988747361618761,0.0032317139877283806,0.0504804985437778,0.007738612662050058,0.0662012232180375,0.27204722785292434,0.01696081956723346,0.11557551261689455,0.10409972194198272,0.010092210206456663,0.016045705644444602,0.06911740620864781,0.006840436832357068,0.009478343525413878,0.030554731035648763,0.0936592801503265,0.038097446480849506,0.022333831711846348
78,0.03840229783766074,0.05007979042569301,0.011192825619551382,0.008835941785223907,0.044325717836358317,0.013460575385104772,0.05611946804322464,0.038187904676405426,0.008424767035752293,0.1484742219279436,0.18777810746850537,0.006885294894356109,0.0020564229456681367,0.06923912607219955,0.064669088839551,0.018093300542787093,0.014172955297851845,0.03313874363224287,0.0894806725634443,0.09698277717047563
79,0.09706597945140542,0.021495084188946106,0.06685372567708701,0.007764055879797385,0.016301342905691393,0.041587156061198255,0.01988096492362393,0.04804186385540521,0.05858811390104173,0.06470012571727314,0.07137291900930913,0.10500315044420133,0.004563841651624062,0.027341040106816598,0.047357622098623334,0.10673611288962229,0.10175765612271541,0.043909711086431054,0.04184764162769525,0.007831892401491975
80,0.06643265552116775,0.07877281817744497,0.0189495762866756,0.025204328255643876,0.03286521084114376,0.01990155064489417,0.14328172187338342,0.015979642687281657,0.09952458457199603,0.01839083676332545,0.028446768972129576,0.07011986158102176,0.02408391493545378,0.023216143472593733,0.12070070577469107,0.04504195913009374,0.025753059406497136,0.012727326155173437,0.04956538506193184,0.08104194988745723
81,0.025350343854553987,0.20960148200499992,0.007540315063971482,0.03946298614002453,0.03808322901464774,0.008686488512520851,0.05007387864012926,0.033129857586340294,0.02680654540172131,0.04004711345831404,0.05498813734505853,0.053532437471486526,0.0032288904243600127,0.06044213231603091,0.09413929114375962,0.0343153531811189,0.05298674257172365,0.08465535777892784,0.06421318460934586,0.01871623348096469
82,0.03459387838610349,0.03232608551098563,0.014247142632018532,0.02848675431353282,0.045575753461521554,0.049932556780039175,0.025937739945083485,0.035812388494344746,0.1340326026547589,0.03378544149913152,0.06354963396605211,0.03093607536882704,0.034012629027999446,0.049302866138428984,0.040880296138034546,0.06456023078043159,0.06337501430336422,0.08437084246220829,0.09342970812338702,0.04085236001374693
83,0.017863247713560376,0.034939061737095975,0.5036210461537494,0.018617938804150354,0.027293281822311805,0.02874318174953451,0.02159480361699965,0.031702895886840034,0.01881700045539902,0.003523886774045719,0.03364576855022349,0.04717744610623318,0.009165824517614695,0.011181043688623517,0.0327334619323702,0.037268758799049624,0.020495141164705234,0.021652293099351416,0.025543655982891603,0.05442026144525018
84,0.24155111963036366,0.07171057715783935,0.046628330129348874,0.006857092364758158,0.07441942441545185,0.01496501148446514,0.010696210160577422,0.016993233515550935,0.01584639269205033,0.07212926423869744,0.04652940118038425,0.011566290994067944,0.060319720145384066,0.021404486154317816,0.01907499303033782,0.09480335477451543,0.07015897930919979,0.0566974550464137,0.03016100695854883,0.01748765661772715
85,0.08920764969163267,0.05033022265884864,0.023099679266755196,0.0681072476853879,0.01484364239878183,0.2966788044201041,0.02983455445856442,0.011585210416862139,0.015599195564750406,0.016028964657422567,0.031142077709593922,0.050840110759729676,0.049213930194571334,0.009076004457070606,0.01229909557185565,0.08757988761024499,0.029700544229392153,0.04222788671558093,0.024627127525703566,0.04797816400714735
86,0.02980965051872064,0.07077413304703757,0.006383358881054345,0.009075534065710744,0.0063440858296491265,0.16354458011726075,0.004152262908401085,0.024666862873015158,0.05387875747574113,0.0184788449798739,0.0345891593954397,0.20171564942668233,0.015163629633966256,0.020918220126128595,0.028480485886461838,0.16141513933788987,0.07782033341926524,0.018686620099855337,0.030109915683974788,0.023992776293871615
87,0.03039702848298926,0.09115294702780136,0.08520377764707071,0.06407081661557679,0.13790904123615222,0.016002682251644078,0.017568877422272696,0.019516951907531995,0.03665132565484515,0.05464422943599723,0.08123390771749939,0.0446303866363473,0.013898425629442506,0.019728952323986543,0.07979228867790515,0.043736333414006824,0.037571970426028736,0.03113519811883325,0.03461554521168908,0.06053931416237974
88,0.14363236586885827,0.03726292494282433,0.023318886519269447,0.02377757209301976,0.02008486720218869,0.020575235703713446,0.03320105262451827,0.007261303515850321,0.05695812230153067,0.04493849841507605,0.03010504388126858,0.08318716077182269,0.024886738240942737,0.10020196225615134,0.25182819337743195,0.03753714298955976,0.011879445080633065,0.004310011446295397,0.02717105609160643,0.017882416677438798
89,0.029042040611431577,0.0971898758565372,0.02042371646079252,0.019590400225887393,0.06844359117856441,0.018317453175484163,0.06293520069440106,0.07473240692438135,0.04834990584731933,0.11749133240406043,0.07099067537128796,0.026168040139425596,0.012830158951859016,0.012889267162273196,0.09673591174238498,0.03853558296640794,0.03882547685619991,0.07465608259024957,0.01902358875340619,0.05282929208764623
90,0.012202264769024411,0.044646471415120265,0.019364414176039235,0.0343417683995382,0.017570253190156697,0.010420338334256913,0.043380787429794385,0.05452928665833886,0.042604474714117976,0.2242795169179438,0.15685009982224482,0.09310848115255148,0.004381944466690936,0.05088828377629878,0.028667057344029166,0.014097730888432821,0.04993789659818753,0.04063802998678931,0.03073382932310895,0.027357070637335452
91,0.03215795105792815,0.13037228860446065,0.0094706067682903,0.019966735524416437,0.006764608558668503,0.04622185674771117,0.020882740490481146,0.08321980921164564,0.01301007134829156,0.045792733911936445,0.044398668382721024,0.041602891915575424,0.031503352749288165,0.02202445721102252,0.004388695711815659,0.06631397212273346,0.119047675520706,0.20704631024885156,0.04010808201408268,0.015706491899373457
92,0.09546918183170099,0.03211697477683982,0.007801793506827522,0.023918562589822272,0.014551247763691091,0.0750277054964026,0.16467486771538492,0.007199078373542708,0.012185642419048208,0.017030592336255597,0.038696408661479,0.05621745747136697,0.04767462436626942,0.024230312022031478,0.04139814142574248,0.19872056775221433,0.11201055313611633,0.005243054418486178,0.01715112715315838,0.008682106783619678
93,0.08002952163055786,0.036775265001368254,0.04330397533059993,0.017725201693266582,0.06535524901745883,0.04464243601983874,0.056735861196756436,0.06921618958924652,0.00834786604045878,0.0175994640886279,0.08463179951216705,0.02647858799892324,0.08554683532032907,0.036864008929707294,0.004379887864776065,0.06228139405240008,0.0841912679432837,0.08064270657845128,0.016875320237634422,0.07837716195414797
94,0.09906340715735187,0.0805245970572433,0.022220969651170864,0.015830196809139434,0.02334833786519602,0.021474319526409623,0.010775621195195786,0.10913946362747425,0.059799636364554945,0.0870095944578619,0.046939561893582345,0.0801062254905112,0.03022629588241526,0.06384091617978764,0.0416902961544564,0.03803930864660265,0.06652130022414589,0.07627596397621325,0.014755951326949878,0.012418036513737483
95,0.2312052785886298,0.18479447850705888,0.05075173087600949,0.022180995157717043,0.032725978928268375,0.060196554325025076,0.038556290089663756,0.00828117789050726,0.03646436018791297,0.018876874328744592,0.07402206228222317,0.033144999402503324,0.01076192623631245,0.009027928842967858,0.019435440310417433,0.054015405837970626,0.026848815132526228,0.04745756781957082,0.032376682897315094,0.008875452358655722
96,0.04310018694613819,0.03784595836850101,0.03393168103826494,0.04915420563348251,0.022867981816864672,0.014776972309609702,0.010790887269630005,0.04034526703698799,0.027189956951813882,0.11763533119734175,0.05285251119608821,0.018992124028530965,0.013630732764516602,0.010254279623790174,0.007153694587163818,0.01350605752357977,0.08905400606933006,0.31843496979301256,0.04119267401581015,0.03729052182954304
97,0.06979460310153329,0.04731773408268016,0.018739462658778672,0.03182502484968976,0.06779870913754739,0.00799280623024776,0.012869476076652023,0.03678013346295331,0.050042061556507256,0.009535511370541845,0.036785455085851446,0.030759782379706547,0.00902310023496502,0.10521021784824959,0.030764458548853475,0.11158023555899987,0.15417250690569068,0.10484075811698781,0.0506865345832365,0.01348142821032755
