site,A,C,D,E,F,G,H,I,K,L,M,N,P,Q,R,S,T,V,W,Y
1,7.869003080955035e-05,0.00018064460206083994,0.0027254242001883027,0.0002532754018517213,0.00039374923965116034,4.27679182833935e-05,6.799543426258407e-05,0.0042584804791949305,0.003103931471344081,0.0008811383006680324,0.982066070901114,8.637637032547259e-05,0.00014167005548778002,0.00010856989699477338,7.99385043078762e-05,0.0005473943854321749,0.0025232009536137355,0.0018029931805457601,0.00040688821378731353,0.00025080046007636006
2,0.00017845481639321446,0.0017161159546739233,0.004248167500434456,0.1410897570832549,3.184220314234833e-05,0.0028552296139449872,0.005050239394422374,0.004156755102393045,0.0006970070080720988,4.718174517733992e-06,0.7909640001849556,0.03066623488446178,1.5532386119452614e-05,1.6867336924753115e-05,7.469925549580708e-06,8.599503872345734e-05,1.7587864906978787e-05,0.0020221297792220477,0.0015903751929552947,0.014585520554931912
3,0.0035691824170333707,0.00325192486776591,0.003879296378916796,0.00014953401872358187,0.0011308124310822334,0.016820786556449155,0.0001489046447728461,0.013531405949797522,0.03928632552834279,0.002500375759235083,0.06266125041393908,0.01530305746868471,8.858954827602759e-06,0.044658760310298105,0.7446264444892267,0.004986567100388828,0.00017678765210229992,0.004887569457011935,0.0031365783461347516,0.03528557725526678
4,0.006393077258253767,0.004168538205958896,0.00011116418274115094,0.0016390116709278804,0.0002986361645742258,0.024057187086182267,0.0005871841781129678,0.186631596277337,0.0025300858895690908,0.017209410011070847,0.011341824044163607,0.02042898593727063,5.737223011849151e-05,0.03327843065547036,0.0001431939451549133,0.00013795596475995112,0.686928745194866,0.0015942529634185294,0.0019849915038060756,0.00047835663624332743
5,0.006295239272496286,0.001481072508576234,4.7764974403874853e-05,0.010390672109557852,0.6125759692825,7.799074352830371e-05,0.0047883172762962205,0.05412551117791812,0.07848465505342625,0.03383567442018682,0.002667632645730516,0.009369968146372261,7.714026698473232e-05,0.00363293238500352,0.0010201730379619325,0.1574253754010769,0.019032338500291176,0.0022231417497909707,0.0019430399572908945,0.0005053910906068807
6,0.06344300502552207,0.044628818253544984,0.004171494827702,0.07091053120999286,0.0037522688223943597,0.00028457677086146064,4.4209771589749175e-05,0.2681881157461608,0.014317238129302804,0.022990079282123384,0.0011082566602225964,0.024399550648575127,0.000654776001176889,0.46645354001931605,3.3115086409628846e-05,0.0003689934804043106,0.00750427341308149,0.00014459367766991906,0.005415426159024733,0.0011871370149250473
7,0.11222094128722249,0.0018885608955228781,0.0002878566184382287,0.0002615853338945136,0.0006358731672641488,1.5162211427741049e-05,0.00020670351449743427,0.36861646049766517,0.0003250000823462378,0.4323473307280457,0.007326043185804093,0.005553096270431792,0.0003162714640868052,0.0005019456930196646,5.936242656267603e-05,0.00021418304411547322,0.062359411317407624,0.0035187168242376,0.0006407854402670507,0.0027047099977426303
8,0.00015477760975947895,0.43227170722538133,0.0003524300438049887,0.003531046928603095,0.00118890762002484,0.0011039996681328382,0.006156635332868642,0.010159838057444524,0.014769474616861605,0.0001622547209014858,0.41429953595080027,0.0004377177048740237,2.2643179722050345e-05,3.689598530141513e-05,0.07632672763373174,0.00043847962613826236,8.335559215110842e-05,0.01001370132428785,0.001058379349868721,0.0274314918293417
9,0.03328232726280379,0.002662365425675866,0.0490168131514661,0.4571883558339962,0.020651193744539893,0.0009814419576273522,0.02162291149913527,0.019232852834435737,0.052035251959049914,0.00975236617295412,0.2739724623107262,0.02066970875387931,0.00012422887893984833,5.405550460198023e-05,0.0015977310293927567,0.00048644937466120426,0.008241372143213289,0.007009269493514763,0.002389831129736432,0.019029011539649966
10,0.002075996054598578,0.002544258494387707,0.02086415992246345,0.0021235307820944163,0.03584575546799759,0.1756312724114081,0.21542414105195157,0.02284458947401254,0.031176039465513863,0.06917576377563889,0.0010031155270482665,0.001734298615976952,0.001590247432252324,0.0551719572179812,0.02899086393663707,0.0072085332133967756,0.013123450758397447,0.00614582158379105,0.2761522329247096,0.031173971889742583
11,2.0789496814170485e-05,7.521095504763426e-05,0.0004615948990147475,8.398527600186461e-05,0.0013883956583675165,4.8008286037902225e-05,0.005159186011154058,0.012378865324461964,0.010534193849987442,0.47406261427045127,0.34009684694954084,0.0015935323739171968,2.758160261112068e-06,0.00025084069282332486,0.0013379787483737862,0.0010539195673657682,0.09818912136897211,0.017460381138470447,0.02829191163347912,0.007509865339457696
12,0.0019186218213356977,0.00017964427487509815,0.00045376609744454726,0.011693842767298198,0.08854957222842247,0.00048133888339154345,0.0007545925234427325,0.00022256988611756451,2.2706378523483593e-05,0.001056410452569152,0.20616288676952751,0.008972146230377087,5.5106365386694294e-05,0.018777826826383178,0.0012226486840078846,0.015985618415377944,0.0002563799278120361,1.764790636900421e-05,0.0027101716329428955,0.6405065019283953
13,0.00011550761094370665,0.009656215406430628,0.002916190636163098,0.29813103029784566,0.00013308961670268078,0.012179144787629478,0.07158325262303192,8.510608708696892e-05,0.02134026901493543,0.1328404422779144,0.08404825491942296,0.06699129369171639,0.0005292496035079493,0.22422012699179703,0.01119213414580674,0.03731916291157622,0.001614271723390006,0.007093022312275223,0.00019453481440409083,0.01781770052741941
14,0.0024722332754202403,0.027158928809460376,0.0007136586761022093,0.025580708602043097,0.0019824470765545284,5.721124542891623e-05,0.0005072022582986061,0.00189338330839454,0.0010778054945167258,3.489245726100163e-05,0.0402138951794075,0.00035717377675909933,0.00039146733623756876,0.001635031953395747,0.019321588216201765,0.8652790756322787,0.0005597918684416735,0.0004142885255150102,0.0035401694518117158,0.006809046856471328
15,3.439893474240056e-05,0.002699683836643352,0.00031482664029049525,0.0004555233319582953,0.0002526186190279767,3.000449731925119e-05,0.001641464428630071,0.00020516171313302974,0.0005774843179303474,0.0026257650038173557,0.0015326510551760943,0.00036450498239356236,3.733591047293141e-05,0.000541059105286083,0.9815200504420577,0.002700761470591132,0.0030417564502883557,0.0003224801220878389,0.0007166759298363409,0.0003857932083173892
16,0.032659488274674985,0.021302897636902025,0.0011112373076670153,0.010726593703303521,0.011829149754275492,0.0021367146150695336,0.018387658401276086,0.005394705586736655,0.000262546180391696,0.009216389829584976,0.005989996869691754,0.030423440146886204,0.028994935142134543,0.16566093884004351,0.0011906025310060631,0.0536674700179323,0.5940030445242434,0.002947172336932461,0.0018461297050673035,0.0022488885961804983
17,9.079762589434961e-06,0.04112188768965751,9.779585293675521e-05,0.00023858005959445538,0.00011356329142502552,0.0035410837363508947,0.017144946660013455,2.8838240847045528e-05,9.079869819105213e-05,0.002179650585511262,0.0107733051970139,6.438881567422965e-05,0.00012626984829687614,0.0002983477833414587,0.9164935984216515,0.00558637919875896,8.30252632534208e-06,1.893002821118824e-05,0.0019249863005706524,0.00013926730303907698
18,0.0025601314634038537,0.0004869456266163837,0.003422059192356546,0.9714925056647258,0.00030630710519866463,0.003501693095304425,0.0013070162892508503,9.816048742945947e-05,0.011050650646081506,6.538320306929637e-05,0.0016124990379077443,0.0005750727141269107,6.661862626463687e-05,0.0008162552834954455,0.0003465352273765476,9.68697796136994e-06,2.104758966219582e-05,0.0006370912737923532,0.0014308169048275051,0.0001935235911486257
19,4.416834206152056e-05,0.002622188940086413,0.0002230870409155565,0.0006235186013788103,0.0009481864572714886,0.0004059608592565532,0.001375431199821892,0.9282887149211643,0.002326772653238221,0.0002726225875188127,0.005432236137050172,0.0001730098694423755,4.971601668493509e-05,0.00047433816109950416,0.00025672657813329095,5.5566941752216943e-05,0.017349550042627195,0.03280528571331601,0.0037859125206958465,0.00248700641648485
20,1.3205110173895175e-05,0.0005527114728568307,0.0019579027693498474,0.00016355310919660733,0.002497699615127999,0.00011398828303088349,0.00014219374478727616,0.018965914245985822,0.00016446046339987176,0.9715890263410132,0.0009329085197266403,0.0006598782227463156,0.0009423940797241944,0.0004624250243977561,2.7983552083284165e-05,9.219404153358181e-06,5.256349700764923e-05,0.00036518899204271925,0.0002967407791705915,9.004277402512526e-05
21,0.002927526905198007,0.0006799500592602885,0.005928218802995355,0.35248500029726826,0.01771909510128705,0.027025531594070534,0.05175450226406052,0.15169490687754492,0.0008995688227197067,0.016782973287129115,0.053074560006356755,0.004586210511171013,7.635794478948794e-06,0.0002819434246208151,0.0063368529568426785,0.03066081663776359,0.07919118486281186,0.195300705699102,0.0022918788749321972,0.0003709372203864491
22,0.0017147354994580925,0.013317296677979963,0.030707414903123998,0.0634594485557941,0.007703467878844092,0.0008286873811426887,0.00048711923094374785,0.02361042406530668,0.03756138407032043,0.09103398381627409,0.06277034336914389,0.003728392043718873,2.4432310568944e-06,0.023228486143245054,0.127699417350687,0.09745076300559541,0.05196304313808053,0.0016713466815164843,0.3137671797140892,0.04729462324367896
23,0.0017051108396149415,0.0014676216797176204,9.171546782927681e-05,0.0005681604923470789,0.037593324481902654,0.024751090952469055,0.16924288499155685,0.0005430092584518876,0.002286333718052695,0.001635870436517569,0.010190138778165016,0.012620727371075542,3.60616551982917e-05,0.007015310653707547,0.02383399633021667,0.004805919766183022,0.6886185176922254,0.0024605782651037885,0.004952434569328224,0.005581192600336828
24,0.056599714382141376,0.0005325188186277844,1.221025433189863e-05,0.0007664691366294718,0.00042446799710715253,0.43838583106729123,0.07384278986039174,0.0003948101309667816,0.001054526434531687,1.687941056447402e-05,0.0033371860881167953,0.002901617595265556,0.002984818074361858,0.03781364888535955,0.0013783206776853626,0.0011184410425475453,0.3650063094333392,0.008572766497433567,0.004209577756035587,0.0006470964572714087
25,0.0007089372590346433,0.00011822973155334309,4.580449882150451e-05,1.4723170544855656e-05,1.0446372688781608e-05,3.866568800619051e-05,3.0653022079598755e-05,0.6535205380013974,1.3654890991223194e-05,0.0055838100618672845,0.006233921850230018,7.645622700522267e-06,1.3584478318958547e-05,2.3938418021609993e-05,8.989532122565097e-07,0.011382115963854113,0.2514658263790655,0.07071377714787437,6.293370681144267e-05,9.894782926352368e-06
26,0.001124733844469887,0.0003016487138886375,0.9778062306727845,0.0015710604360910255,7.352732368621402e-05,0.00059655337453183,1.558545083180842e-05,0.010047411048479381,8.73284356618105e-05,4.6869603117927956e-05,0.0005921759973397873,0.002294352141971219,9.785020597921464e-06,6.74048101777625e-05,1.3980115151277782e-05,1.2058635510327982e-05,1.8100123581316848e-05,0.0017033041828644483,0.000741273052221234,0.0028766170170416625
27,0.0018790200106472137,0.00033898569087636863,0.0014510211834135004,0.00037983534665182804,0.00016770015074689002,0.0016776976882038922,0.8700467111004464,0.01713007013170691,0.0001334453389742886,0.06580864430100243,0.02563422253310233,0.005259918495353247,0.0003901233035540344,0.00017773652221380788,0.0008293663848284867,0.00011316285502597195,0.004268274162807303,0.0002264460141861512,0.00045997396583130824,0.0036276448204277906
28,0.05231066527498952,0.2531366269981837,0.00026202823335942134,0.02750728745168939,0.00035825757623104905,0.06262451223637491,4.4376032970862636e-05,0.005634146319606877,0.000445072966712724,1.4947806744120956e-05,0.5759368752936421,0.002809694392467917,0.00015885154890039402,0.0023891955181882226,0.0004403172971144293,0.006748225691636277,0.004488717393581493,0.00413416246435668,0.0004058027212164121,0.00015023678203353883
29,0.4820391259421534,0.00043057684672158565,0.013388178476621602,0.002573071545193902,0.0002828516443179864,0.014030349512298854,0.03560749653460151,0.004497537876204316,0.1572008416211405,0.007223964242552337,0.04193552262821503,0.00010358182263798689,0.00022150538008705492,0.00041114294481768365,0.0002293444681746208,0.017862545909224602,0.0019671579770800863,0.016639400448519553,0.0030636266221217632,0.2002921775573157
30,0.0003821257417460629,0.03632314371145475,7.858592055287231e-05,0.0004562800405800672,0.0001340925937977296,8.866724734459434e-06,0.005436904798831137,0.2505682411401466,0.013991286397968903,0.16695398451637747,0.01656012372832747,0.15767563859313127,8.093915286688858e-06,6.55283838842164e-05,7.455569420848875e-06,5.485273804216134e-05,0.053721217029539664,0.1486097880253215,0.14845511152797214,0.0005086789028839633
31,0.00011525779396476203,0.07923909184888314,1.742947013614376e-05,3.3503873754850056e-05,0.0031845384826008323,2.626034864466809e-05,0.014214549507337828,0.13323027695377976,5.70586823376949e-05,0.5630531673656293,0.105999617207728,7.233372205681267e-05,1.9201668941764914e-06,0.003868108489515286,9.894324757978319e-05,0.0002519566824787355,0.0010294156518094724,0.04354612871728875,0.0033075423736831644,0.04865289941389696
32,0.0015427787820795106,0.06561376057917752,0.0018800493832969957,0.012188564714822126,0.002265405225294393,0.009073112132781452,8.471690968684693e-05,0.00790116895744497,0.37129375177752255,0.004454791790803082,0.22631275996394515,0.01701370898668525,0.0002804347752180467,0.04635532584434735,0.06484772421475463,0.07830514525483634,0.0011300424890300534,0.0016932130269735554,0.0755212875902006,0.012242257601099553
33,0.0021489444633224345,0.00010386468562657282,0.002158140580424818,0.004282640872389758,0.020171423071098562,0.000494962952876366,0.004808057641346131,0.00038960825231753747,0.4836148054232229,0.007114544682067383,0.35183298520950207,0.0014863112050544963,7.610416183975828e-05,0.0001664134595231961,0.11255571415385829,0.0012071238878492386,0.0001967298297899129,0.00011308363430583715,0.005090764383471362,0.0019877774501134626
34,0.0012072686704886425,0.0059777240212511035,0.0006851081088514758,0.00021469948546448908,0.009904734106588205,5.4857378066729324e-05,0.030760121584661848,0.0006404549246761316,8.76562215127053e-05,0.0004754641165406191,0.0002249226474124555,0.0009708608346895019,0.00017873510209354492,0.00012085677253717638,0.00017770807833715206,0.0017920074453063256,0.0003612039897084458,0.00042959280075572547,0.6700871920747619,0.2756488316362959
35,0.0007134642134636102,0.0006031419561153232,4.49354661806202e-05,0.0003443752300664786,0.0020940427240470866,3.829911541184337e-05,0.005916576717147835,0.002245073127643795,0.007559790215500786,7.431670127209765e-05,0.0034416275283087406,0.0013140963400915487,0.00012446774915586946,0.005137727659383146,0.0032440529937811965,0.6959255674611351,0.24804686831230915,0.00015121965480990174,0.021870523749921333,0.0011098330842546768
36,0.0002130564607300443,0.00020546135670415698,0.0003572423632233849,0.1403470228079652,0.01620033814618291,0.000584176727729279,0.00011289284565834473,0.012684913789086313,5.631040879419671e-05,0.06307786465592058,0.0013811273933916467,0.29219249350323895,0.00023118567167365055,0.03613886255079993,5.6467392365605894e-05,0.17547336993368912,0.012207840568638856,0.009203251917030614,0.18640332409371477,0.05287279741346237
37,0.017220834851271755,0.019842252179320216,0.0001085394867342965,0.0010072507099116315,0.002600781322901209,0.24706803635293817,0.0034858623100052295,0.17808292533281886,0.05065159739653531,0.08435015967433462,0.06651331714009825,0.003088073089835426,3.3287704625886917e-06,0.0013511344510176821,0.07456303748071712,0.05008574068768541,0.006218290061305235,0.07367739556035144,0.0005957496948916421,0.11948569344686386
38,0.0003924116821716411,0.00011695909819468343,0.00015858880335991725,0.0005174914008141408,9.975286595345756e-05,0.00023043475827590234,0.000120574115338244,0.002702427634000797,0.0010578955838139083,7.500603522505976e-05,0.0009943657089656773,0.0001407876445308998,0.0002922129374996697,3.627831087893437e-05,0.9857565539572718,0.0028309446321249073,0.0005156744108429558,2.7815825100631492e-05,0.003841623870548804,9.220072508802562e-05
39,0.04454909570283907,0.003014635636941822,0.0005502033987241043,0.00011774412413366597,0.033727452002254084,8.960215495466555e-05,0.036725799373252085,0.020454789356240583,0.009903057983893583,0.027119443283726324,0.03766528903763383,0.037708536025573496,0.0002802979634022933,0.259605148348575,0.0002180971313639923,0.220012161442586,0.16803560810669782,0.013491335806128348,0.008297642297800218,0.07843406082327886
40,0.002767264801483343,0.00327423322672754,0.0036095231682709023,0.9508104920015324,0.00022080706824058126,0.0015698593238556166,0.001976872127899371,0.00033561002321781083,0.005882009141817697,8.720091523390764e-05,0.0026171341563295536,7.131138858485332e-05,0.0010773269449854347,0.0027535754587422008,1.7344554639435432e-05,0.017131886163087806,0.0026570711981656232,0.0005752960825553262,0.0025086368918773383,5.6545362753355764e-05
41,0.0003778117592584509,0.00039158049668366505,0.00012118010348559472,0.0006285105163820349,8.403187374748594e-05,0.0003862744398900507,5.346069513837556e-05,0.00012355807269853202,0.9900393711722398,0.000691248908566604,0.00029768140108445054,0.0013881337391936834,0.0002499644458295138,0.0010080608943356369,0.0028732632895029924,0.00037790324693381,0.00018578562751375585,9.041956577737129e-05,0.00032797300389311056,0.0003037867478449643
42,0.002561901978306129,0.0006502727992312724,0.002524112079060096,0.0004066720004583316,0.00028484861150884257,0.0002169580554558846,0.0001430487529955158,0.002366350201036829,0.08712460915447726,0.00011326592322681781,0.0006564434863809606,0.8363398353091527,5.394842380624539e-06,0.0006723478410540132,0.00016843661158414102,0.06312775934011716,0.0008760751715730211,7.372092208903745e-05,0.0015592225597264235,0.00012872436018505153
43,0.0032158895842162886,0.000491616797505095,0.0009567176650407414,0.0003955522637916384,0.00019590117479611826,3.707199884606434e-05,0.0031105271930086473,5.971727498760761e-05,0.00011843138748334195,0.0017950720995246804,0.0005732010353405096,0.0006238018996401079,0.9728116252470792,0.0006502254875147306,0.00038797837147752103,0.0037393873262572337,0.003190932193603011,5.227642472047165e-05,0.005611085714512731,0.0019829888606544563
44,0.4162704654587411,0.00012969754284106945,0.00010339847587664465,0.011072286385547352,0.0009280380524478897,0.0031252211004930146,0.000487104179344803,0.035706343402906765,0.0017860658159190755,0.38536845094942035,0.07792040813098225,0.0004104529424855529,0.0001400054991421447,0.0017432360271252504,0.023674256403671334,0.013802363837653805,0.0209255601071318,0.005307560082245213,0.000620251438239886,0.0004788341677845213
45,1.0093578672356016e-05,0.06752838251069528,0.0011003284918408133,0.00016456299564843773,0.00636977493254,0.0001589995284289281,9.088789255683813e-05,0.00840893234217235,0.00012881220997202882,0.33946100021010545,0.016862960907995446,2.3331983508789794e-05,0.0013900799543676164,0.0007992917081141219,0.00039609779795816454,9.03905212812162e-06,0.0007451847232725771,0.5466665244874913,0.008727238009401807,0.0009584766831295446
46,0.0001301747713575506,4.894226024484676e-05,7.990782304000099e-05,0.00015189004700743295,5.652309877826051e-05,0.000453990938571974,0.00022104722721090912,0.0001890789912606807,0.0010394891605174095,4.558465086271768e-05,0.002836257500408695,0.00010215601105927997,5.7190251781025235e-06,4.3095623099644594e-05,0.9875152696957892,0.0025887956716692715,0.0011222471068969388,2.0258785012948707e-05,0.00328144667519252,6.812493684179267e-05
47,0.05046320706724624,0.00531139357015474,6.415003143579087e-05,0.00012335909602511773,6.16497230666219e-05,8.914635123504306e-05,2.1535276694330564e-05,0.004619829990060574,6.021353341915427e-05,0.009591357988371038,0.9236236291171454,0.0004961738012211343,9.010700274338537e-06,0.002341481404457244,0.0008125011304560883,0.0006740479129138026,0.0007055771411562613,0.0006697671700015661,0.00011964854476173127,0.00014232044990379166
48,0.10960859077758876,0.004872455931296848,0.0007678881478285086,0.0022114387605654392,0.018557792031615464,0.00041529298559161065,5.5611663490378205e-05,0.00017410501749909072,0.7430281496093577,0.0038222133729726993,0.008678893641944579,0.00466929677456701,0.0027671957406693037,0.004903491629777309,0.0067400945768329,0.003912915232716042,0.003010051332275271,0.0775261420934959,0.003414666071299776,0.0008637146086152867
49,3.411148251227345e-05,0.0018286081532476349,0.00021172791735899583,0.0003097691837181325,0.00048062621295051893,6.964109808690196e-05,6.247164666747143e-05,6.643639947117073e-05,9.543722510387223e-05,0.0017902314077964502,0.0007558844164566497,0.0002211542913988566,1.607444694011758e-05,6.636338016705883e-05,0.0009227407948185073,7.847382174421783e-05,4.152538408299101e-05,0.0001700862955243269,0.9888174335034667,0.003961202938487196
50,0.36468216748093263,0.00013402689201402924,0.0005222081119503141,0.001593890319564089,0.007805991350949422,0.00027596379914510626,0.005854065617841302,0.014649468033262395,0.005783596269317878,0.0020727022942513976,0.30392105786845064,0.004701590941979269,2.7271335941740677e-05,0.004198618447740046,0.0005336316066556465,0.06832044268880748,0.18546062421029869,0.023340608568063054,0.0026084387122717384,0.0035136354505631135
51,0.0052160377839090685,0.00023445345488987414,0.0006928660926105851,0.00012654798118693288,0.0017026615377236432,3.905297311248592e-05,0.0008398723716835882,0.0071819719917136015,0.23821098171190838,0.00533850805425323,0.22046009072411038,9.906983051589002e-05,0.0001568427508261435,0.0021912730725429735,5.758456950725675e-05,0.00020955945909902814,0.040859238099243744,0.004724466323155362,0.0013371602700503816,0.47032176094795736
52,0.7678230608128187,0.09094819148931675,0.00023309376071681048,0.012013797581379432,0.0032981746068951683,0.02457718968887621,0.0002266370845362427,0.00012112129186762104,0.005637771037828223,0.00012048961721430251,0.0007972854461075264,0.028360555030944815,0.0003752490954339859,0.0004710253192973264,0.00016534264849367452,0.02281484032265247,0.013279098457376293,0.02603916622715272,0.001307694212316783,0.0013902162687750804
53,0.012121916178142155,0.0575787863543517,0.0003509660615172764,0.0005167554293108872,0.0004956819386492577,0.12450798396053575,0.0009627644580981671,0.019383240023104053,0.09106684609102084,0.0156491496987719,0.2077093407169398,0.0032651997312535593,0.0006807601947506643,5.026014301893656e-05,0.002925142935503989,0.029533168486713855,0.4094898149151848,0.007364001063943173,0.0021231243271240853,0.014225097292065185
54,0.0003035450476068886,0.00010152973272260179,0.00045497463519560436,0.01439602702507026,0.03592221469037053,0.0017627705346559832,0.011374763140405331,0.005118941843472519,0.47286764719523333,0.005475984460122835,0.0016630174190914646,0.08308248461053772,0.00018793000279553314,0.039517361703387245,0.11264677731145116,0.0008912464943013292,0.028527844727052155,0.00860840415915371,0.1739092116098334,0.0031873236575404845
55,1.374160608777245e-05,0.010053499481724288,0.0026195398501283043,0.0004961942925633156,0.6343830650943866,0.00012330269385413148,0.05607027175560477,0.0003968806594287081,0.0002740550268670427,0.014650040162805494,0.00175778029551248,0.0003274768598216211,0.00022677581356397194,0.00013613615459712715,0.015379269166660093,0.003033178224115246,0.19029173016760983,0.001511188481847619,0.00013380709937366202,0.06812206711344802
56,0.0034646344736799723,0.004216282538384462,0.0001516061161449081,7.585663422079444e-05,0.0002567580661890349,0.0001230725467228518,0.0008835124641654988,0.0005581399884490624,0.009360456480978534,0.005191533641139188,0.0017002262841874988,0.023047246588194154,0.8622379863505859,0.006198841457567565,9.359656485959242e-06,0.05201154940262474,0.01123655398975456,2.57290736917045e-05,0.01909475113102587,0.00015590311580766645
57,0.0006283448912577229,0.28445411118219605,0.000124506032806093,0.0003742695470145803,0.0023479120823038375,4.9319772587739775e-05,3.5103509256681996e-05,0.12908118671696517,6.396031292385098e-05,0.004038938106390213,0.012803534683313257,0.0001956437566501218,2.3336147549618253e-06,0.00014512524544251925,2.0701966999343837e-06,0.017387462002982922,7.871744882527085e-05,0.5468067199867167,0.0012191691005243067,0.00016157181038808013
58,0.04470646471978538,0.535112845446192,3.2688160436865564e-05,1.4977057669069197e-05,0.0003170705100575331,0.04257589630262321,3.866511948433635e-05,0.0008062830789878914,0.004374931145727071,1.1805834610449722e-05,0.006526988758105722,0.012745010294585435,2.07127823939356e-06,0.004551052593321753,2.7397042770151667e-05,0.09710082578096066,0.13121920375570834,0.11797910452101926,0.0018473094885872571,9.409111128156096e-06
59,0.9733398707433789,0.0008339115675800526,7.201793542643789e-05,0.0037295547976076144,0.00020579539995262502,0.00478070367532399,0.00017086548589455124,0.0019006264342078933,0.0002232818222416902,2.118995212444197e-05,0.0005962351201705088,0.00017151863946619154,1.8117562450527524e-05,0.0001583967135914519,0.00023320633685192316,0.0023865987346869916,0.004822141127313878,0.0009515853843743584,0.005002661412559167,0.000381721154796664
60,0.02535771546969868,0.01816599294134912,0.0208315226967711,0.010473066041592092,3.5752600129241494e-05,0.011108038809667646,0.593648928690215,0.009157961057302225,0.0035274535635323916,0.003331300977674392,0.002631294918057259,0.09067892407719036,0.0009884697117709638,0.0014077137996797153,0.0006192378347299698,0.02537715293954971,0.13816092585874734,0.02402066127844298,0.0013089227444954153,0.01916896398940436
61,0.10434468879551873,0.0001743329845746822,0.0018542198836247047,0.08383448496215433,0.001963705038733586,0.0003278614038347159,0.0028731852358175928,0.0012859424763338474,0.1532824252674187,0.03942815406880954,0.09362538257351265,0.02364041167813954,0.0036075329512039035,0.024843582525434504,0.2481686216198312,0.07128449729417644,0.0068047686927083075,0.07495011527544153,0.028388514222538706,0.035317573050192806
62,0.011657814045610171,0.02046001913210732,0.007219230368177847,0.5329704361649531,0.0006971513864455207,0.026512088689562473,0.0018383201326321972,0.01458195311301622,0.04527161745360672,0.007480282483008949,0.010582595130093611,0.0013118681039924588,5.2076821303145895e-05,0.0011774683092857297,0.1166336538736567,0.02590675345158245,0.00045642793310357956,0.0035105723627857285,0.1709983749604522,0.0006812960846237539
63,0.01851091290801374,0.18738515713409254,0.00022547470209687242,0.0029297995308453437,0.0004619849280171654,0.0008215943365259328,2.8368591901603563e-05,0.549414448881111,0.054353700697305295,0.03916453643125219,0.01049364062472669,9.529957601136107e-05,0.0005452583901863474,0.00017464005237716735,0.006326909406231015,0.11624047366951341,0.007509358471867803,0.004800970210360967,0.0002632557536147481,0.000254215703948786
64,0.002713358915651542,0.004237013290701757,0.031976846424379486,0.6982219363066884,0.08939037502534125,0.0003769633282917248,0.013692150801965244,0.024917418483007214,0.001517202392709683,0.010410764891803322,0.014026928478579725,0.028046130861040464,0.0003239009679317485,0.0013944937235237029,0.007294256568431648,0.0348866511320431,0.005361154614145832,0.02442107596416453,0.004874601452137271,0.001916776377462671
65,0.0008699312157627663,0.05703828018613938,0.016718674110797523,0.03428312236377333,1.2418777877706429e-05,0.006536507832174419,0.004545087142112918,0.00608563052726597,0.3231663835877832,0.008850867192771316,0.0010777706314808034,0.01120481156403041,0.014408824060377605,0.2652413079314853,0.0018741419526052624,0.11882551493749101,0.05012754911832034,0.001909088136722877,0.020902303576982553,0.05632178515404524
66,0.14531239349144376,0.0028890484033880955,0.006030095880395855,0.01091674784875499,0.011814104943677343,0.5093466435731083,0.00881192333774657,0.01927232997186717,0.009967437470163524,0.0558470106129112,0.07249780034134672,0.00015682087951074554,3.8912560163916354e-05,0.010930044295587712,0.03323261200765074,0.06690820185258874,0.0007678126409026746,0.0025018066407007634,0.03206393301116249,0.0006943202369285075
67,0.0037930390473507034,0.7904869703125733,0.0022894294829201452,0.048006477488233265,0.006412109328926776,5.139322097842648e-05,2.3418178959391267e-05,0.07273333741419025,0.000980019418698947,0.012831297039019422,0.02865462266275128,2.322334700825587e-05,7.617741025802965e-06,3.227166592846431e-05,2.675049674060688e-06,0.0018217708629095649,0.005782989647275095,0.021279129531165713,0.0031694973759642453,0.0016187111844469316
68,0.041250662685226355,0.02202940264164248,0.006997241115577203,0.001432991324858317,0.0007296902262765377,9.018908966585298e-05,0.015672092368500794,0.0011314724900065658,0.042912837452186714,0.00025187566276721875,0.019110972596362436,0.022653805596409442,0.7470887935693931,0.012519669541126823,0.004824118427856155,0.021702077663882966,0.013999450447527368,0.022953430552228163,0.002028896752377821,0.0006203297961277544
69,0.0840244140206891,0.32994713953566734,0.018517946366850436,0.003600280159309345,0.0010257167374484548,0.25189465455293014,0.0004774532758745517,0.0001375453464970367,0.0969563840809621,0.046458382991771074,0.03519374167749678,8.669047507070443e-05,0.007384022064806403,0.0011314057056030832,0.10778318030805774,0.007100757551262659,0.002131906934974854,0.0040715570337294185,0.001646602464593797,0.00043021871640493966
70,0.002245682060790466,0.0017895278037802851,0.000128547884573662,0.0023974236189646054,0.0968656835671131,0.05293014104347593,0.030942114052019843,0.0012408966980109652,0.014667810722764674,0.021573290568854833,0.017573350583428505,0.005831722814982064,0.0009232509109356675,0.15562107710699385,0.5229877473308537,0.013009994718435707,0.01312131205485072,0.0010888250386778002,0.036958655007893734,0.008102946412599895
71,2.9430707123494976e-05,0.004133336514954089,0.00462683698129909,0.00033907434632610703,0.0003629008461346851,0.004259249631021602,7.925333315131823e-05,0.00023183330178366517,0.0011007703105073955,0.00047314196911576225,0.0013053304141356177,0.9713128287480486,0.0008235517512297792,0.005112689192875257,0.0002703736717764029,0.0021400557127308323,0.0011786656619191128,0.00010926657853121762,0.00034479506327668745,0.0017666152640595128
72,0.14491234803102943,0.044899096996764615,0.08201786567057859,0.09560328765455586,0.0002451444587263733,0.08842344113954757,0.0017976698339907473,0.0014827986171558154,0.07557195390866764,0.00735353027139727,0.06762948767267901,0.055495168764844054,0.007644688301798487,0.005475797096304586,0.03919245232013796,0.04141589154991466,0.06320146286099172,0.02181592409466434,0.1557992458914027,2.274486484865488e-05
73,0.004080959060587308,0.32801769909788303,0.005208336850482913,0.000131861528276907,0.002285428136845389,0.023655569367038262,0.011144227707245666,1.2562946181756157e-05,0.41564730863660454,0.006234678439808967,0.013820830945421605,0.027143323771439982,0.0019951657430139847,0.007329381747962361,0.00018666535436783358,0.12735930817117733,0.017246069689803484,0.0005567995017824248,0.0004290131514273929,0.007514810152649103
74,8.297162801539353e-05,0.696049169189452,0.0359355242237135,0.0003518895448909911,0.005091949103049131,0.016354771769835783,0.07790742242768176,0.00019298649223499403,0.0013723494640329327,0.028131619847494828,0.00039998089869446084,0.00095183927408697,0.0003483201681600905,0.044128344373049265,0.02022103753728763,0.0227462648294344,0.0028927962126468316,0.014315174919380776,0.030118074067114052,0.002407514029744123
75,5.577152307670692e-05,0.14375578349640214,0.0015738221161705709,0.013557529958911173,0.40996627280856723,0.0003340652004604792,0.12858371070395655,0.022371865912438667,0.016201147512356174,0.009021065051008423,0.05515564047800723,0.0030764894553582736,1.0367639922847231e-05,0.06004445396805994,0.001897987737074117,0.009857726721510073,0.013201987271097728,0.07631314610965723,0.0007475539468762008,0.03427361238908817
76,0.00025699619884112646,0.0035420368412973553,0.012826771579261211,0.02432467325444584,0.005629598568564001,0.06771384868488724,0.03067331823279202,0.04574702749729644,0.07948352137421197,0.03126838337579779,0.0008682085688920086,0.009014482742549915,0.00866519067886489,0.10312485326526909,0.4506001055360497,0.013950987674020409,0.06540047823890228,0.04376050088868462,0.0015976231192898053,0.00155139368008217
77,0.001933144712696855,0.0006104082140298404,8.666303834418574e-05,0.00016467547832134212,0.011275816712933585,0.0002497047322882831,0.009473661252229168,0.013597040390039672,0.00039130132091038354,0.34342618440172284,0.007280936852451461,3.60472262177069e-05,0.0019495081891326767,2.0482681294273677e-05,0.0008816791659011926,4.163164705209172e-06,0.46615632783663685,0.12957414118492028,0.00047074107986422005,0.012417372365360007
78,0.00026772168152363403,0.015007873367326525,6.339739081977773e-05,7.030004009987547e-05,0.010348961460811937,0.0014955532250028201,0.0005550155776976837,0.0019291820275527392,0.03184033631461308,0.03619294290770555,0.006337918921251342,0.0015176013685143266,5.7362721614777234e-05,0.0848649113642004,0.2340295063434156,0.0012972780683028725,0.06409383084228129,0.021120379906416856,0.2572467929890024,0.23166313348184658
79,0.00227566757752269,0.004055329416659512,0.054959295563165166,4.0820476723433934e-05,0.0010205896845102678,0.014420354751541731,0.0030500699746888495,0.011473199677266305,0.06617800737184235,0.0014087017091350376,0.005989718763169104,0.007461429464015977,4.113527946809137e-06,0.008309632268991443,0.015825298419765824,0.1766267723547586,0.023726043470440532,0.6023058493676257,0.00016663438223679544,0.0007024717779940445
80,0.0006093159313175078,0.0015069692051390032,0.017609883129388455,0.0066049843161995365,0.052743620089032495,0.006478011656179906,0.001354078560158741,0.0005146962196772565,0.12370991804200501,0.00312811379372919,0.0010715813848755373,0.0028107698990285624,0.0013184007123670145,0.0028364460767250316,0.23898553437323472,0.010341800263231393,0.006697218834839466,0.00011631697022436384,0.0002410144898726474,0.5213213260527741
81,0.00021061126446592974,5.413286776656106e-06,8.374405615784056e-05,8.301360908375822e-06,2.6223162981452942e-05,0.0014809765827405261,0.0018813733799438667,0.0022771563821985807,0.00101696538501611,0.0003471734044264663,0.0017232002730209557,0.006097071717232899,9.342039005319949e-07,0.0014003312225684236,0.011528148607049055,0.00039832964857920055,0.0035265306330484205,0.012406985758661834,0.946299691790816,0.009280837879506882
82,0.001260277836317083,0.0010976121818560987,0.002510084654460527,0.03735252091241946,0.011679710092465776,0.0012906364745599896,2.7546259045195596e-05,0.17551049826920762,0.048187187564812425,0.007444847971826456,0.028009982590158057,0.010118864332617574,0.0011970617903497103,0.027662459600576287,0.027500172235668145,0.009361524372445798,0.015846381199138837,0.006900869077194121,0.3318034686369001,0.25523829394798075
83,3.0435181757587933e-05,0.010414886876985753,0.9790117976773989,0.0004735916198131214,0.00018916768461828867,0.0011793266978488853,0.00014906342887404216,0.0002757012850571221,0.0018097071289188494,4.263893955504298e-05,0.00046677187275996043,0.001881667464036487,2.825179788620742e-06,6.130488556095964e-05,3.821378140978056e-05,0.0002692499205349708,0.0006087690531508828,7.354200741587639e-05,0.00022546207939184285,0.0027958772351229545
84,0.3224761619706839,0.3697947763243298,0.010664256568345758,5.152104760833972e-05,0.00015727829784090746,3.333246528818358e-05,6.725291187182039e-05,0.0004644527217328743,5.3404987998336354e-05,0.205975227761693,0.001468816367612296,0.0015794608464368694,0.048569372595359636,5.301746488814925e-05,4.827710006125201e-06,0.01106689119211347,0.006588990214532156,0.019187397801658367,0.0017055067739302208,3.805397606985503e-05
85,0.6948526091350318,0.010425616328645556,0.000993890037965253,0.003586520907413444,0.0026431577376349537,0.1708492996434062,0.01258878180763863,0.00040855211580286097,0.00011023692508136234,0.00041930160268004087,0.002772439014657743,0.00013782097526163545,0.00015825834417545985,0.0008126702484412385,0.0013959573631137639,0.08851859068397674,7.1908882472650056e-06,0.007245461655808535,0.0019986513309526097,7.499325406507424e-05
86,0.0024959394779420514,0.024730179052027516,0.006353070313782238,0.004428290222650972,9.447669222421562e-05,0.0007374183569922023,0.0004066747647200099,0.0011852070356451088,0.00013096154596501812,0.0026978651519131177,0.005631089836484716,0.386471746406729,0.002930367493772674,0.0899462483294418,0.0006143957873818779,0.4167746247057153,0.05199464380528106,0.0011652717347534276,0.00018205087309538265,0.0010294784134823075
87,0.048972189651439506,0.00621568060892502,0.07012489430913386,0.0005219222382488137,0.10509264687736168,0.02839117157861115,0.038627663200213706,0.00812339881742755,0.0006817208964718431,0.05758848278690481,6.115280856952543e-05,0.0013361847238962346,0.013481441047373744,0.014477976245322727,0.0006338130685855035,0.576810493718465,0.012852237182247076,0.00040306990255281464,0.0013174397793721837,0.014286420558877242
88,0.17135342044359067,4.5111734972145084e-05,0.00011958744881039693,0.0030858198815593217,0.0015390353923062478,0.0007145431510213921,0.01296511120362302,0.012261753135067792,0.000126803129308909,0.012767813875738328,0.005033575955208314,0.00021504143910583447,0.000204692364848359,0.05763561499832589,0.7062541720675031,0.0010686654456558366,0.00047358230027309936,0.0005668031587704349,0.011742512753717472,0.0018263401205935892
89,0.009418016159529965,0.0016884864029104163,1.3696048684638424e-05,0.0002618847719980432,0.12120030273201561,0.001768915714971099,0.0002517016978175869,0.004586295850645051,0.3210700847833845,0.030919568711380446,0.01782721617581642,0.003437827135124586,0.0012860398638151688,0.00177755303864802,0.057894073841685184,0.21074590324741813,0.00014218668009954893,0.11653765146423554,0.0007581277191257487,0.09841446796069443
90,5.76474298420379e-05,0.004975176003704037,0.0026473951138571224,0.0001501444054381044,0.0007722858763805511,2.8243600578810754e-05,0.0003313699804688196,0.016443689515892045,0.0017194288984641829,0.32042417280172236,0.22519766156588777,0.00010858283176609447,1.4265850512043233e-05,0.1277614192089611,0.0015821005720167074,0.0031221849797743923,0.27703962816471667,0.016183521076666187,0.0012732419608607424,0.0001678401624902556
91,0.0014564874617381256,0.008152884946650108,0.00027582216126421157,0.009390474549212399,0.00030552988170811816,0.02003578171485796,0.01601617722520445,0.03223082665629147,0.001826014877926331,0.0033399965309929077,0.0010940341599771433,0.0007144353182642672,0.0023884337088201373,0.0006733464874347753,3.746535410225474e-05,0.0055727928985109644,0.002118905520339662,0.8912841291918351,0.0022620691846835096,0.0008243921701862846
92,0.418751234163596,0.12876497463569708,0.00027876707615609035,0.00016135694848622617,0.00013796996580556906,0.039097003384387985,0.00021064535677456955,0.013615464906923086,0.00031531822862125076,0.0010622604677862364,0.005487746235467246,0.0004098283858182525,0.000832353454071131,0.0001927156032909893,0.0011465869134540043,0.3764994619842721,0.01231520109860009,0.0002369390942762384,0.0002817531597285006,0.00020241893678731474
93,0.0027582871392145885,0.05307964133664073,0.002235925141256945,0.02031092806483864,0.09650077761144445,0.04577705715820678,0.02217159544031883,0.017044436746331756,0.002705433360586864,0.04649354641932381,0.00385715171557942,0.2558047689276726,0.29847214342934636,0.0009930096928150716,2.4210702580476867e-05,0.07161705283269171,0.02746009069729904,0.017128630777147387,0.008316226116732108,0.0072490866899721776
