site,A,C,D,E,F,G,H,I,K,L,M,N,P,Q,R,S,T,V,W,Y
1,0.00026123956389674773,0.00024278601709041067,0.000792470197702854,0.00023007130458929103,0.0014000375530740237,3.592205433046089e-05,0.00011368656864139624,0.0035125524362697716,0.002460181357127193,0.0010154317704469046,0.9816702490299617,0.00015484869778381415,0.00045072272299435777,0.0003135160907453126,0.000146082318361236,0.0007090731219140142,0.001544409169883291,0.0033231107024040067,0.0014106426493596567,0.00021296667342336168
2,0.0011807772846411408,0.005728423625120695,0.01723191080607813,0.4501314914065253,0.0020181333860941255,0.003992331993102533,0.027762510565723784,0.005853526440144313,0.0026429540815407376,0.002437160326960817,0.2234360439146941,0.15481483829626513,0.00023326510840865605,0.0016557082486912565,0.0008726024183635832,0.010144695158728886,0.0007923119615933556,0.014500554515674485,0.0037111160308895643,0.0708596444307594
3,0.005992507433388238,0.006623092873658373,0.004399419583570603,0.0011606263413263562,0.017762661946640494,0.005633871002570508,0.018801114223079163,0.02191050689478391,0.07124492654159045,0.014668093348673788,0.10062881520299348,0.14403453442389588,0.0007661348483157551,0.029591727583265285,0.4945568688222598,0.0021242709974904407,0.009703906604398712,0.012185584415230988,0.02253166641737151,0.01567967049549614
4,0.007575950512148902,0.05590660648409719,0.004673966760659756,0.00957560275704688,0.0008917439349271133,0.040256242569634254,0.08884366961000263,0.20287443709983663,0.001832297682076668,0.024861577766628,0.018025063042901735,0.03687439121705849,0.0002337591795145983,0.0329096906776071,0.0003357831875330279,0.005511549940127597,0.45561995931838783,0.0048074000384002455,0.006476065663376747,0.0019142425580345043
5,0.061423040683004665,0.06717060516437416,0.0009019804005827761,0.029494949094014074,0.17953331065807185,0.002086873420015764,0.015150877085195922,0.12955490858510998,0.11988579216150104,0.04191106903248873,0.010708634763113798,0.02756644010343506,0.00048091823235807207,0.038086923902255376,0.058420347217133656,0.1221966625578781,0.04604927620032171,0.029984319922843138,0.0045600091255864296,0.014833061690715672
6,0.04504621409701424,0.01351974900176178,0.0017597735240261435,0.07663283057962013,0.01867950127960921,0.0015951760896428203,0.03717771242855662,0.06138907522517659,0.046465385938533964,0.3113707803076535,0.0020184703405957704,0.00925187342526995,0.002101516754597367,0.23864576035701082,0.03027303179416668,0.0029494017959793514,0.034659227257677006,0.00687491382249964,0.012764648090141864,0.04682495789046659
7,0.1025279722621639,0.01900238945868677,0.00022453420145929678,0.0016119520865780924,0.20220141044481593,0.0002618265746397167,0.00018139527670892028,0.17914946208458885,0.0013126165239724767,0.3197312080081884,0.01685516524274652,0.00197249121199149,0.00034991445009645706,0.00015862787009433902,0.0001256251120842888,0.001591142763054452,0.11238615127206904,0.03477256661260312,0.0026670790140241422,0.002916469529433721
8,0.00601838152528991,0.3038015163547167,0.0055957188518370995,0.007210718032345489,0.015768126932850554,0.0035620326586852428,0.0032561897298247922,0.17952737089665205,0.03333113154256105,0.015492532567172609,0.13266980775609932,0.015917075426155988,0.00020894996529469248,0.011311423959569009,0.18670210617891683,0.0035600843228765265,0.0019775872675710676,0.03830359767860598,0.0034504957437203345,0.03233515260925464
9,0.026517926431552374,0.02347933607769433,0.046799191084466424,0.12861978897661736,0.02571955958725054,0.002776337819716531,0.005833670225267931,0.028520481035472587,0.444269819574253,0.003992032042620736,0.1447817404810592,0.021700366577592455,6.142168556884271e-05,0.0005723462488604364,0.0024159468569425933,0.029012476682329542,0.014383602610866388,0.014526189584069793,0.0108320436490139,0.02518572276878506
10,0.03469247284145972,0.029596445772870024,0.007443243699888565,0.016797708396585474,0.08663155969488633,0.06035710444752019,0.144222965790024,0.06497207539385548,0.048488306713841384,0.07921099933533171,0.00020456673598435472,0.012721013567293254,0.0018063644000029643,0.04237155937547505,0.0563842911200289,0.05297012535250411,0.03205716540133513,0.023433569054851413,0.14796637606985935,0.05767208683640261
11,0.0035238566842242308,0.016286251989219208,0.0026439025351539885,0.0004026869592636608,0.036618035738137183,0.0004284956820830667,0.01574657296665383,0.05283459175341647,0.010144654793360804,0.23474538746407853,0.45396842486659117,0.008654915581230526,0.000635445305493215,0.012187763522200138,0.0013271356857564123,0.015580682821858054,0.045040098497358495,0.04537266754133279,0.010642299870238988,0.033216129742349304
12,0.013025860506781417,0.01238307936700088,0.008517039995592099,0.04824097948000137,0.07378263866717727,0.024598185594998954,0.021590344658362168,0.08405282681724986,0.0012634261758449979,0.01485762164030676,0.0954480181481633,0.022401038943684875,0.00021290757304858374,0.13599271361963464,0.00321055633022724,0.07643494401561704,0.00867840976667637,0.0018790689584227578,0.010947719830129585,0.34248261991107976
13,0.011400048388343659,0.00244463783323687,0.011721960576371962,0.25477402753976086,0.020839099264221506,0.024562582924594803,0.03217459891911874,0.030676748890966304,0.05599673271813608,0.14745448770941058,0.04200224278805288,0.017918013459002048,0.004180195664803223,0.2194949507322284,0.01670258326181065,0.023969671554608007,0.00214348699267732,0.021445334820412224,0.007111871863505467,0.052986724098738495
14,0.05120254704355168,0.02444224564887134,0.0006166622484815107,0.008267923992818654,0.013765703015628777,0.0005177215981769331,0.011806680714957015,0.0010360207846502345,0.00554957196982822,0.000404976953946982,0.02165080863011589,0.08074224779663314,0.004597354089040735,0.001683448764797654,0.005065156510365667,0.7424556664784127,0.007489712897193885,0.0006837260645198522,0.005511217788521674,0.01251060700948738
15,0.005312410034403062,0.004182064941155459,0.0005381391116622938,0.0009342875223351222,0.0006040941362767641,0.0004106083956910958,0.0026285350138052733,0.00024875918589950915,0.010767520648787488,0.00432109115586443,0.0023079717854631687,0.0005507022878236768,0.00019791526375637653,0.0005832004225070677,0.9580247831111184,0.005696160554022939,0.0010754041841306158,0.00025714527844159266,0.0007242620417310634,0.0006349449251247046
16,0.0227691318979753,0.023735143038677953,0.000929382660083744,0.016362621033092262,0.012396885806589222,0.002458803701398878,0.006711500502221575,0.01801257254030968,0.002361911129587635,0.012184126295971678,0.09149993640407181,0.021556833910773635,0.019458836805494976,0.18834792951663096,0.0023061488080171086,0.0762666444212809,0.4422900015564988,0.005849425693065413,0.022176397280027686,0.012325766998230797
17,0.003732669704948688,0.015426697536128032,0.0002299688634663167,0.00019339653684953794,0.00023169960704234733,0.01709385306320847,0.014843018064279831,5.978620036409233e-05,0.00014299169845559889,0.005839884052575825,0.0022267115401911363,0.0014460248983242752,9.456049449520333e-05,0.00015980451646573903,0.9154306365970104,0.00870922730693221,0.0013316058231754007,9.683179614156796e-05,0.0007375785821403735,0.011973053117804796
18,0.0016279927907858092,0.0006343747352527825,0.004343025283892467,0.9631239180312069,0.00016101303067531962,0.00424412447976453,0.0006222922133858464,0.00025132207055681484,0.006133945274646276,8.1827664272044e-05,0.0033883974802653536,0.00031323857597169403,2.7741412920366605e-05,0.0005746365042591083,0.0008395613045975985,0.0007809694007071284,0.0007950338732168143,0.0036936887692775385,0.007668010735361326,0.0006948863689842281
19,0.0001839931593000232,0.004273952178539947,0.0015276783169779398,0.0026677022402434697,0.0007731244345868943,0.000193910383992529,0.0007180702898742713,0.9076833115712446,0.0016714987369370541,0.0006455206356372454,0.00962667369055616,0.0009320335506299012,5.489906196933155e-05,0.00025560389595254574,0.0005999477716850918,4.7575827637891046e-05,0.00899454158758671,0.05393570153658555,0.004305888338665892,0.000908372791397111
20,0.0003585541068173077,0.06574897917719338,0.0005766405157204951,0.0001758533800211215,0.017330272496688868,0.0002179483690679842,0.00044244695660346705,0.030009969261145755,0.0001224235785601647,0.8609620879998285,0.004933846579654522,0.000363936459337924,0.0008062024425990443,0.0007011549075236281,0.00031320364686410125,3.8423844566155165e-05,0.0006994283904025243,0.011836655573780629,0.0007737594828359415,0.003588212830788379
21,0.01633643550635065,0.00795476275263532,0.08870439202825661,0.11668970264209715,0.07615507748839338,0.03354445575278993,0.01790368996728585,0.13225602111735124,0.005502895708485958,0.04504374636123065,0.03346645227920908,0.019445999904680867,5.827533435357162e-05,0.00404208035920602,0.02522777831066741,0.10908557713033919,0.1586183804143312,0.08955306233865201,0.009402572230417636,0.011008642373266273
22,0.059051639443722125,0.03758965914123984,0.07493463422507066,0.03703740739642432,0.029504406535073382,0.005395954886365618,0.021535201160546278,0.07397046228757963,0.043035357638424594,0.054780351006218274,0.17282744218675306,0.007038997764143825,3.239806059074595e-05,0.020823669174475753,0.05696975709095017,0.048076517047393456,0.034925606175833394,0.06417215497925241,0.11541180782525123,0.04288657597469124
23,0.008960196372700178,0.059966933270001764,0.0002978302373228834,0.004160147773578478,0.04428959866014765,0.041432551983200276,0.04031476437495811,0.017186966011895784,0.007167647256920674,0.0016779855786408946,0.00974732270791793,0.036232503203854315,0.00019293545658243696,0.022377782257959347,0.014766022976853204,0.063864664792285,0.5854270524707812,0.01790886902738394,0.006448521216907226,0.01757970437010875
24,0.047557646463964764,0.0011058545362115815,0.0015820884113849367,0.02316911170029865,0.003099973891757467,0.2791346745509944,0.05357052953944285,0.006048037104128449,0.0022763357564958265,0.00015550879040766922,0.00617435669956043,0.059616915772556976,0.008136803891442512,0.1829905314865654,0.0034578172194116015,0.001294774720884598,0.2955174359410207,0.007370324066906127,0.01623763780131833,0.0015036416552468735
25,0.012571072696914957,0.0012540397719618802,6.511593596041687e-05,8.157958861421238e-05,5.7237521603663644e-05,0.00020109182280364545,7.541386862832376e-05,0.28099210963200355,0.00016400020424954054,0.02972943445746369,0.010172732744840884,0.00013242200660507785,0.0002557198564986315,0.0022653873538446504,4.641906543367805e-05,0.0284955692113876,0.5098867108010012,0.12106503554297746,0.001412234749542871,0.0010766731676639676
26,0.00033836400523202956,0.0012334467652357843,0.9721174790501879,0.0015921590642004456,0.000307618070560317,0.0005157947372813283,0.0008082016895561582,0.0071640990010356466,9.527431259133802e-05,5.81821437386408e-05,0.001647718750958826,0.0068035621664213446,0.001047911102195844,0.00018579097413657194,0.0001016881590475133,8.819955699670161e-05,0.00017945283917882723,0.0002898146439855402,0.001887690957075709,0.0035375520103834938
27,0.01684828476982742,0.003170038915073538,0.0017061914249736632,0.0015587889424073943,0.0010120875087549096,0.0023118168299000375,0.8009770665993333,0.03771059085591086,0.0008643902898058608,0.0877516712128344,0.009427285382731384,0.009614881109561933,0.0004098164615124549,0.0011803385108487274,0.0008248937073940442,0.002515466580527563,0.016019244747905684,0.001128428379786387,0.0008216497394798869,0.004147068031430441
28,0.017268470216941115,0.17112337055583907,0.0009105357673498852,0.012267230300746064,0.003021851478795182,0.08023743439234542,0.0007022470338908426,0.015188990141043735,0.02265937907186518,2.887423683339892e-05,0.5878648187615699,0.02213935507672537,0.0005223571658140308,0.019301482296397443,0.0007542785243235571,0.021331734859068585,0.005452301770323537,0.0057318415098575005,0.01151289010109313,0.001980556739177053
29,0.31011583115836966,0.03317645475571407,0.02884119334672824,0.0075865798361948004,0.05027610667503314,0.009178888210635111,0.030216297954426673,0.011918200067405167,0.06611588501036607,0.05699151222246827,0.030770614879277045,0.0015731513092589549,0.0005988342915154594,0.015731829111918116,0.0030207273340798007,0.03128858828571813,0.0040366457733047355,0.027337458414128237,0.02113141773908077,0.2600937836243775
30,0.0012875646497591208,0.03997944901176831,0.00022853349896394699,0.0012469157334752347,0.0016611107821169167,0.0013219518606486162,0.029762696256966113,0.23225298158993463,0.0052151804446393755,0.4008232911790096,0.08348052758618693,0.03170998605908163,8.804826688869867e-06,0.007174794786081147,1.1271498985359672e-05,0.0014331479220482221,0.031186328672638066,0.08226835171339154,0.048763324823702665,0.00018378710391365883
31,0.0025795356785630395,0.05850919168919296,8.019068836916415e-05,0.0001243152442618838,0.012123331018832024,7.200062035878709e-05,0.002686113795416677,0.08842025587014775,0.00029291630597688884,0.35212797792714995,0.21051024075578242,0.0015299383096589216,0.00010335757576744972,0.0039961504719235996,0.00012478411308414095,0.00017914985378566218,0.0054753315645340314,0.0620435113590194,0.008439254117059805,0.19058245304111557
32,0.023976495342909684,0.06164989898818862,0.003383102360509595,0.012275225413714203,0.03439386932943734,0.03951734472663798,0.03386655968947973,0.013741632108950805,0.3891559615864967,0.006805849076688522,0.07534513710010463,0.011844048760404525,0.00026626250989773105,0.011191149730623854,0.04279070369055265,0.030681652715853953,0.02780527737897307,0.04853231898057659,0.026303254055196915,0.10647425645480282
33,0.002335253491685516,0.00302495649901934,0.005438047107630035,0.010128730288049472,0.045029037623447836,0.00835895101875233,0.015493045889589592,0.003972105750677418,0.5645330345832772,0.015856665787712915,0.13381029281747114,0.001976246896340756,0.00042818055835946946,0.0018925173619808995,0.14383182815352313,0.003904691690138974,0.0005424402243450355,0.0009375652963300535,0.022179360534673526,0.016327048426995425
34,0.0019031092695269095,0.007302722030742793,0.005738326341035781,0.0016392199022074283,0.032524955930232316,0.000917729056397893,0.05035866384023315,0.01101875153156527,0.00401445728799883,0.0030401858187734023,0.01685599311190287,0.0050939745289818586,0.006194403019413767,0.000920932544864158,0.006445803510127189,0.005877822345463273,0.004884852917425074,0.0029390907782519933,0.2000386887503651,0.6322903174844909
35,0.0033723337072751156,0.006230060156090642,0.003945367954302096,0.004766333100780082,0.00143716763834199,0.00253991816576639,0.017828263858603838,0.004671469958288783,0.01630859870144569,0.0005269661786870181,0.0034738980434381637,0.03804069188576673,0.0007397443033896839,0.009622028313359392,0.009451590047077813,0.4304670464346659,0.41283250781822195,0.0019117591175532018,0.029123698126704223,0.0027105564902415637
36,0.003810791859755812,0.02519185182776852,0.0014290969297389353,0.0340572194231918,0.03249613358189316,0.009800845641622183,0.008055914380246559,0.12278819783653931,0.003130472900881418,0.039955452314190204,0.006721541838162329,0.08093088297412691,0.0011477090994352762,0.061087097147529655,0.0012361659152066592,0.32716901742045995,0.05672834718922299,0.018528453579412917,0.12230263236716282,0.04343217577345265
37,0.03978352398718487,0.037763762349220985,0.0003071892377668801,0.004675432850226369,0.045208876440756794,0.16353700671846552,0.014074087265338006,0.047777134704189324,0.0635796121614533,0.12007542080532349,0.03984512660056021,0.02447356015959592,9.141737654054665e-05,0.020021683715837894,0.0686723263283331,0.02483712059928661,0.009420506648991973,0.12208946338672887,0.014582411936716657,0.13918433672748268
38,0.0006594366769291943,0.0005073142392940516,0.000489681731194704,0.0009512444338779334,0.0007043326706094564,0.0008015309492780846,0.0027378677540816367,0.0033870127118208926,0.0019403090917947412,9.924008559711259e-05,0.0008083903440032847,0.0002347799706709872,0.00019577893688614982,0.0005342486077206315,0.9796817073947421,0.0018545257353744593,0.0005783450601834259,0.0003715051308209421,0.0021093663120009937,0.001353382163119151
39,0.043473556902849965,0.10584349288080447,0.0023054606430182455,0.0018680058031017353,0.014360835916617458,0.001081869792400216,0.07211059618467525,0.13172755937417238,0.014343450151407653,0.03236825466842265,0.010017428963086038,0.14546173816774807,0.0003243338744518032,0.1874891135473704,0.003347313215438648,0.09951216112945155,0.08549412836915904,0.015992056144227336,0.005742731368380084,0.027135912903217086
40,0.00827974248812752,0.011347253595211751,0.04707503106544139,0.825200265333729,0.000953481643154895,0.005200890171629865,0.002186032774081543,0.0008277682783552358,0.020237098623390144,0.0020306912813047306,0.007571878626552662,0.0031746404559407078,0.0015875122389727237,0.006172086700643461,0.0002854817772114647,0.015685483616727232,0.03362987344063263,0.0016429698151499631,0.005577693764138391,0.0013341243096047434
41,0.003302813068410358,0.0011573350787268367,0.0020088293801798934,0.0016370373083584712,8.423370275224193e-05,0.0018218812681513334,9.994629003365932e-05,0.0003091121557172813,0.961428470078438,0.0007171577073825008,0.0018413686883345572,0.004044851982296776,0.0017792081485839724,0.0037761035627956597,0.006067594410498395,0.0016548024708662537,0.0003823590125637863,0.0013909975669849364,0.0056737309854562505,0.0008221671334687912
42,0.0207616372486547,0.0018274029631508402,0.006217648293323108,0.0017250964183934262,0.00044806799548550394,0.006942462385163282,0.0008334344252275898,0.0026128474993807613,0.020968943224289015,0.0004992693163530075,0.002187385723622623,0.863306089391434,0.00020097000435313438,0.009902749439191385,0.0010835808096904384,0.04929713028379308,0.0010525999004212618,0.005480275271115426,0.0034339334927469085,0.0012184759142105533
43,0.011211448087989257,0.005413220537578438,0.0006889603762587495,0.0025306733517793814,0.03142937871353581,0.0005273214489301742,0.13380010207746398,9.608695045000231e-05,0.0008253768285826211,0.0020647913622544793,0.008346000543271783,0.0012166697229272242,0.7500868505569501,0.0015596845700264466,0.00047149531798188637,0.010274986038526137,0.01233089144399059,0.0013550747037536514,0.020970283411683225,0.004800703956066239
44,0.2956458784655192,0.05478909345192476,0.00046094134085672623,0.020129980487825595,0.004255035068714872,0.005699975200777754,0.0017106777845530264,0.023718164604544713,0.001270402364259291,0.06562821587421362,0.42594634812595905,0.005332329444714773,0.00022951225527293608,0.006446487260030866,0.010700741710335544,0.03499875214829349,0.035063024615279534,0.00590976486229013,0.001786378418988708,0.00027829651564538694
45,0.00011859047112474909,0.08121478801644443,0.00021902574720951206,0.0004726101085029959,0.008717608550537692,0.0005141331299247475,0.00016099319922751844,0.054642794653725846,0.00012554120305871728,0.30515610343291844,0.0046777149790127705,0.00017275166772201032,0.0014571040374268826,0.0009020595546584397,0.00015567102608098006,4.0450920990623156e-05,0.01207997478414571,0.5237683579985126,0.004933134517676397,0.00047059200109877833
46,0.0004700116313030846,0.00012357997755939467,0.0002735979379885611,0.0005490900125839948,0.0006437244632174662,0.0007436827216207901,0.0017203523939928883,0.0006070379108172137,0.0029218429081625287,0.0005846352512332055,0.0049197490452850086,0.00279757239405358,0.00022098752235304641,0.00034246306973117525,0.9665785361862241,0.004703770563328491,0.0009956426542342236,0.0010032436304433935,0.009716088812351215,8.439091351662584e-05
47,0.07249723322529768,0.03605175624479434,0.0002566630607443502,9.71260147047304e-05,0.0003503885734945982,0.0005041622155987772,0.00020402082558175133,0.007112520390478769,0.001015135027552727,0.013563316872526833,0.8482558003610666,0.0006864589471418229,7.331345789891008e-05,0.008438831064223386,0.0006439552831599541,0.0014631647022401986,0.004406973991164284,0.0014381753128955286,0.0006320073848426427,0.0023089970445921907
48,0.1067928528475638,0.008894182897806885,0.0009900769094311126,0.0011599679852847386,0.021643626961063367,0.004788550172890401,0.0015713150606628539,0.01943196735279149,0.6001782825883559,0.0026857792055806112,0.04488923674620338,0.007655655493459437,0.001499508410786017,0.02235901089348711,0.00457720370124027,0.021859460997657402,0.02097274172904359,0.10284098813175575,0.003801698624961265,0.001407893289974485
49,0.0003032605525253192,0.0036934548302635373,0.0009505036366471638,0.00021581564680600262,0.0007923652432596216,0.001577306991804408,0.0009058084379885963,0.00045047305585767066,0.0003192976597583647,0.0028847398113751553,0.0009827043126552153,0.0003504760473728702,0.00010373023484021014,9.450479302132342e-05,0.000550593727385692,0.0011029197691153254,0.00041706416293922594,0.0033066015317353716,0.978817223635646,0.0021811559190028267
50,0.06656024361730224,0.023042352384684744,0.0018806678495892962,0.0009096505824524015,0.3522797437756447,0.0016751741039868098,0.015586179056535069,0.022717711344262127,0.0031100394747586284,0.013358729268087224,0.2748986662880755,0.006976478764675315,0.00012028614280256348,0.007458548892954648,0.0037996063499734383,0.08082449332669478,0.05301632560964593,0.008641872694304146,0.030758346506260192,0.03238488396731026
51,0.004887525956493849,0.00405833224628187,0.0009091595341689512,0.0009213652519390774,0.011401828795436103,0.00016292118777097616,0.00380791800782303,0.016522104302576262,0.08943027312524207,0.03745630995912008,0.5014800742215252,0.012359232188690542,0.0007910912194026798,0.11417808677937077,0.0019119724491536941,0.0031377276961184826,0.027902952175784725,0.008963973419566677,0.02471525705025831,0.13500189443327668
52,0.4496057891496752,0.11982872685754631,0.0002442679840288846,0.024159276205279145,0.005371453294476428,0.08788272504397221,0.00261868244701406,0.00025577565510492357,0.012783881537867196,0.0001336737746860734,0.016719965812220988,0.04108023661784271,0.010930370047173546,0.03336066401970353,0.0009861280055425963,0.0758659472255282,0.011587211518895899,0.09692136789010057,0.006210539442217974,0.003453317471123569
53,0.04128721797787642,0.050415555765773314,0.006752302695465872,0.0015752771305265786,0.0050730086259031856,0.2172642640918091,0.005493867245167752,0.030835179319984366,0.11677835867520983,0.03400170813516013,0.2412893426986866,0.0065777783791105765,0.0010673586891815187,0.0069617264862150635,0.002927609485453893,0.04485535678973803,0.10656290088660392,0.015200600520766647,0.0029441013121800056,0.062136485089187225
54,0.0035831379206506682,0.046639376298562865,0.0006451023329029889,0.016995788969784396,0.0478040497316661,0.0005637662103727296,0.010965227528820478,0.013913739901662746,0.44365047535549124,0.007909278538117136,0.02755264092188712,0.02423231013158321,0.000507186448681025,0.04483552806497453,0.21081618820144293,0.0019659396557935704,0.02262567037855095,0.012732240905638733,0.04337394975916379,0.01868840274425281
55,0.03368038767857663,0.0284103276471335,0.0015927807220343644,0.0017489444190391795,0.2973918458364425,0.0010947894764932946,0.20367994058715042,0.0019470994146455819,0.003135961704927686,0.0343074522779536,0.007059622841705787,0.02439231896091324,0.0006141170192667439,0.003904615953867745,0.01899756895079073,0.02033576310405286,0.0978413991577548,0.014528857094104888,0.007764320759399749,0.19757188639374654
56,0.012182937596631395,0.014966289210042045,0.0005466940337099581,0.002211751986802528,0.004753339189487596,0.000702661182342238,0.0012775085476590382,0.02017441615911402,0.002180216601057031,0.00660298418136387,0.07517165579018757,0.07192421430826954,0.6844416276924452,0.01836596411918067,0.00035312065308225365,0.04409437512219251,0.02252186408690709,0.007882525095933334,0.009299402405052497,0.0003464520385395696
57,0.006981679007089229,0.13500722730614373,0.0003947414599757922,0.0002474786278069613,0.004963015059307514,0.0009130133605353888,0.000639916519161852,0.1980202422145651,0.00042504681807374026,0.07346408816386968,0.014358009398961171,0.0006374101245770768,0.0005022279446852379,0.0009181518513144922,0.00011319820755489444,0.004524727935845137,0.00043157092555694965,0.5549125042885563,0.0021661553724264112,0.00037959541399353155
58,0.06054362269903406,0.17412912925520668,0.0008134221417961966,0.00024069899213682307,0.0006714405711237394,0.03789622040123416,4.609361641643512e-05,0.004360631145704929,0.02082678783159891,0.00023567323495366006,0.021326446236426187,0.006119375862717263,0.0013490786286021747,0.0023093375531078653,0.0026528255650126137,0.21231263687286264,0.2635226970930583,0.18847497480092013,0.0014829200061580298,0.0006859874919291493
59,0.8674366289528146,0.006104265827532784,0.0006273152792596734,0.007082967496392421,0.0005494968269983317,0.08212082451046428,0.002196180625157247,0.0009220675780039324,0.000990677722037868,6.982692782222555e-05,0.0025345729677847197,0.007940437469310889,0.00040615617826551505,0.0007569302511487249,0.00041703541013515257,0.00586052905210983,0.006836146776990045,0.0007671033448428549,0.004322193732018098,0.0020586430709107245
60,0.01012293183198364,0.012080736923979662,0.017906310816011663,0.01139931076260342,0.0007904299861819258,0.007437792213688412,0.22708178600106949,0.007638069533495032,0.059189452467457535,0.005275637121731477,0.4121888982185805,0.036368782980035576,0.00036086172801201116,0.005492936817934957,0.002755463532673554,0.03877225306733951,0.04545330018359451,0.048950726600510634,0.02768185408965376,0.023052465123462776
61,0.06886726094744801,0.08679799395655015,0.0018866992873092256,0.09572467040419676,0.006480281060310701,0.009151789240176242,0.004335831809837237,0.003615602063565817,0.12480988057553656,0.014464890547234256,0.06746440593663547,0.027806518250477513,0.011996551318834427,0.03559259979344684,0.24573108920949227,0.03987717302438353,0.0288599021541316,0.0530620460874915,0.04220742329648486,0.031267391036456996
62,0.014475403621004319,0.022687493884476155,0.003700142734129104,0.11927437931151842,0.005455058628193716,0.03464256994066907,0.043756462840046945,0.19181674971105148,0.17071901314521298,0.016211608675121048,0.02926040578282562,0.1157038689919586,0.003479755355100169,0.017753255540725904,0.10722400561603503,0.037271260641020605,0.004521807552533244,0.007152261575770456,0.04900646725060209,0.005888029202005187
63,0.03740857194776602,0.15385092750279314,0.004642756192173069,0.008293318988271571,0.0025380173836847993,0.004138538171107086,0.0007234645491995147,0.5357332257675284,0.060261139398916856,0.06126696497064857,0.01213423291292264,0.0010270459303183474,0.0021553270782367824,0.004782591290559731,0.019116910372003856,0.06378318107225571,0.004609349583836828,0.021470721503534157,0.0006113408887886998,0.0014523744954541703
64,0.032992356520998724,0.07970363416837328,0.02919494632022697,0.19011182187076653,0.13207417712090283,0.016786883713743893,0.09123726566279634,0.05153070406164814,0.05085546347804283,0.011654148765179255,0.05177140775481161,0.08012910689501249,0.006896775197612686,0.022705333611654548,0.02953552059923787,0.028745062770727393,0.02399600486161604,0.044702605622543655,0.01278751073853407,0.012589270265570992
65,0.012321841089993691,0.04833347221198933,0.03791509565677841,0.0621573068881338,0.009412028014841702,0.022393212025827683,0.04550257483749039,0.03141148661752981,0.1902553079320163,0.030534004861853023,0.10625753355436038,0.037886798884432735,0.0302747964247137,0.10212750995964724,0.02385904029906683,0.05898199737568936,0.030708244788493808,0.02643542196190722,0.010747525029320075,0.08248480158591454
66,0.044900433860348,0.024303444338641813,0.012378953324045948,0.01877666825879605,0.04217191967659638,0.16463736732860948,0.017326309273952945,0.056936367749349556,0.03816005191240043,0.17369236522223383,0.08531598008626151,0.008912496441681269,0.0016773524956918708,0.04377907942438404,0.01809920020797617,0.05021777509074865,0.023967009398124184,0.10424415788624668,0.06106926125526403,0.009433806768647097
67,0.0496860308503134,0.3136031199985461,0.0011649140757366747,0.16167992258128064,0.006365742972957802,0.001372068366744148,0.001851074081745277,0.1945695881708117,0.004804822157135035,0.07236700380271001,0.03312556827789124,0.023463907162779348,2.9287593602195348e-05,0.00981536060439917,0.0002912669977355178,0.020413738799470522,0.046508133236719235,0.038792731311338285,0.005564841278734698,0.014530877679348938
68,0.035636964513075846,0.11367513985392595,0.011472303965314928,0.012478440736067234,0.003208350861684867,0.0017165559896935784,0.05075661846597411,0.0047427648301589485,0.052827601907558544,0.0012277910486711923,0.05098759324383915,0.05029291118723423,0.5037627166872113,0.011902622648758484,0.01267196410968144,0.02028088093977763,0.02385574809810264,0.03385137213420803,0.002319823139108955,0.0023318356399529513
69,0.046235333766473985,0.1354575120466844,0.036795654319403744,0.009413384356280662,0.011869220888108165,0.1679401873761421,0.06789807712647673,0.004112778635214475,0.06602406545462226,0.060719766341330174,0.021877869273921394,0.03198014637758903,0.013495651730913296,0.044583836045565775,0.06935153989659525,0.04942600139306353,0.027271239335259,0.009142282090176894,0.06264542812516523,0.063760025421014
70,0.0030637264453449824,0.009343207551742946,0.015374942002599144,0.007344266660270128,0.03637122962699399,0.05622486229193289,0.025408837911617507,0.00530707919739189,0.02847226519237812,0.018733193185576494,0.025900520832440575,0.007033475875758913,0.0015973302208027002,0.12095035074328145,0.5198872369199524,0.026003228650977116,0.011185027452440977,0.009042703383991277,0.04056236876752436,0.03219414708698215
71,0.0012634962977634847,0.08091129396187982,0.00938999973798379,0.0004945701728927614,0.0007529546549896413,0.009992523498348675,0.0003100542695280849,0.00222521349615044,0.0010216053486821165,0.002840215306471338,0.001116449724502762,0.8353879881027895,0.000830473304662225,0.016289476980586443,0.00036793522554875595,0.007570494446733003,0.024851233660872208,0.000779462956912237,0.001471152912738229,0.0021334059399644697
72,0.10981586189359595,0.05882019652852207,0.08827684036990781,0.12495289791793758,0.008894136587651731,0.09854008631119981,0.028002064076264235,0.024911188353189364,0.07740064583448208,0.01892359714114885,0.045602591244698336,0.03576707710198268,0.016568388363578483,0.027402468540140466,0.036302860676917445,0.06293086281148444,0.029662239480734924,0.0269375342895185,0.07933210270273798,0.0009563597743073
73,0.011345457870007477,0.0901753212467679,0.013325519601317575,0.001203394082500478,0.009108959597138642,0.05805733835636699,0.08227959906406017,0.004261665632814869,0.41203884345325503,0.009415737618375102,0.022421667116791565,0.021818146582173462,0.04355883178811438,0.04174292744829702,0.005501672808511842,0.0782913372910933,0.02877689540999064,0.020098663170170557,0.040880320778259545,0.005697701083993346
74,0.003438632374582255,0.26983732050573384,0.027931911794448636,0.020399930486073393,0.04155029832817535,0.03598580962597775,0.045046023021824456,0.0015550824359323154,0.01368499826960153,0.06326847472852043,0.11087302784049972,0.0010474037853728047,0.0012588071862883665,0.035618312991434406,0.04499216717599837,0.03984451868262473,0.02198364154390567,0.04648086034955783,0.16966438284779278,0.005538396025655438
75,0.01364343076986294,0.07720176688106384,0.024173688765826366,0.08463159278256864,0.1778562608423647,0.0032919462273169257,0.06445274811978466,0.024331208208642874,0.0318938997837114,0.024209704834778877,0.07078536639998669,0.03923156571860949,0.00022803967449294894,0.08192172872538979,0.009167967846652587,0.10468676019566105,0.025140003002014345,0.054759051638008274,0.05070042269231732,0.03769284689094637
76,0.0035261972420332155,0.00457619108766289,0.00575131855714694,0.10780856838092458,0.02907201326724834,0.05315444307876697,0.04777372448834876,0.0416989710101453,0.06972967306470351,0.022062087930311065,0.005170670632543665,0.030853826708066974,0.015221578430459376,0.06268998115502344,0.14190107577593233,0.04220862876864043,0.05437283895768645,0.14052315099161014,0.08783688715305712,0.03406817331968861
77,0.00925561174184015,0.028583083619984302,0.0004294197889933589,0.0002511310958556438,0.11103790200928072,0.00017151015674828486,0.025871562499088094,0.21549345753007604,0.0006354394958585214,0.2665209364238919,0.07876257976182006,0.000668656159921301,0.002039825104905175,0.007297252171246477,0.0005204336361510267,0.00028439904808404224,0.1016065859843386,0.12805292287766992,0.0018959615655530816,0.02062132932869342
78,0.007070009221237379,0.02210315218003265,0.00022954323216033316,0.0007642434191000224,0.019766549440796154,0.0014267577641759001,0.027431165241263007,0.011978840275845982,0.009817646850915686,0.10813452030323753,0.18429413432310812,0.0004402761056656857,8.465464527961645e-05,0.046471176600580914,0.12018871925291306,0.0027182767709557926,0.019218886784056827,0.054476761291152954,0.19189325781348773,0.17149142848403465
79,0.038311803432819334,0.009608514930013055,0.04539830452296333,0.0005055264901431218,0.007674060086813307,0.025963581338945982,0.009976707964123695,0.023701948597078016,0.05835110009416644,0.025918813693823966,0.02972868709250978,0.040045122246138785,6.018415026851903e-05,0.02992950943993392,0.026989882971019178,0.24038761518650686,0.15748411779546986,0.2173608014028398,0.012139231082168295,0.0004644874822547057
80,0.017930646743987977,0.02514279170848764,0.006771583913328935,0.007193291025189214,0.04424862564855012,0.0072681385135869615,0.06751839425467086,0.003230722806187377,0.16661042181608854,0.013447549749944568,0.014368621305308794,0.02881941641572517,0.00902645098111588,0.005692195221822652,0.21181705303201795,0.022711129132758443,0.012755884455820323,0.004286558149198372,0.006695366734651758,0.32446515839155843
81,0.0053488742976855,0.10026690551583509,0.00031387669885484383,0.0020398242168802334,0.010271435476816249,0.005077453041257841,0.010498552765231909,0.019158106533353522,0.020180892929973854,0.011338474813169745,0.06809929214736461,0.03512607326174685,1.7255762146004564e-05,0.02691609798537352,0.09100270113700011,0.006315045923928095,0.023876851528907936,0.04242151659941051,0.5084352267314688,0.013295542633594755
82,0.009430441474399889,0.011570961054052597,0.0016224205440099697,0.017226647308969868,0.031006996627296262,0.015238348788214607,0.005869628252461924,0.07537098350748861,0.23225267262499968,0.04332177654183484,0.0453299331084579,0.01660354200363301,0.009036835099704274,0.042703575987863715,0.03923274341513285,0.03570177347718681,0.03639514503517172,0.04554131520024115,0.17816924217110391,0.10837501777777653
83,0.00021221584875279518,0.005092317025768481,0.9724781870918356,0.0008089995688733882,0.0005093873869088696,0.0014174822321893574,0.0008768198189138092,0.0005043648748009954,0.0006141782944431345,9.227641059201955e-05,0.0007086300843801033,0.003846153334609343,0.00017606531753525613,0.0011116165637815702,0.00032439750085007125,0.0025938409304496427,0.0012874319309802461,0.0021481587929060774,0.0007220478373926543,0.0044754291540365955
84,0.544626143796584,0.1734053056361195,0.014806454225777078,8.031215251489169e-05,0.006848990098644238,0.0007911594709608987,0.0007867690097926936,0.0032045603333937583,0.0011116139481289965,0.10631527907669486,0.004894655018465918,0.0012167382471793217,0.039102704612255484,0.0014252328707573961,0.0009410522163133049,0.052990873280213666,0.022852280073034,0.01715371113711291,0.005667230578409168,0.001778934217647965
85,0.3135184732901356,0.016538144126019862,0.0026167941194082797,0.00931667437607489,0.005656936178432901,0.4590575129822936,0.0065767370497987155,0.002660728073165508,0.00040139238914527284,0.0007098020620254339,0.07813003632635408,0.005696147616961146,0.00357756003551789,0.002151691674781646,0.0008740153752721903,0.06748445013756735,0.0019718783871659528,0.011667767862481793,0.006054745869222026,0.005338512068176092
86,0.0061070447820162944,0.022148404526147986,0.006778726399594107,0.012773436629200193,0.0001267754826824282,0.05828766578393958,0.0006968616330124808,0.0023989168842665776,0.005550822656552991,0.0018957374455184019,0.005768596426404055,0.39571674292613596,0.0022133786921817084,0.01450780263634693,0.004686628915389626,0.3683008539775103,0.08176556783866663,0.004771374928055827,0.0031568925042539295,0.002347768932123945
87,0.04739705719065712,0.15006472276663627,0.14293533395501654,0.02615388571500467,0.13147465371654304,0.013753150993187765,0.024237014815265207,0.01728779835388849,0.005192186870066325,0.056223620923643955,0.04596969567240278,0.012900788742204763,0.008306385257245379,0.010362293079654514,0.02379592440937731,0.2146448233215927,0.023903660750542805,0.006174969101173186,0.008952110520523164,0.03026992384537401
88,0.11070274404326405,0.00436491921545099,0.001106980015276028,0.0020751012662704738,0.0020759052279178602,0.0030031959140464364,0.015979303548646153,0.0023780770614116853,0.03339688088256461,0.013199717720301112,0.008478303071862682,0.005415647881377401,0.0008469817351560083,0.07905577918441621,0.7014224503960185,0.003926804552594628,0.0007594117759579167,0.0007385920838741567,0.008266473646580579,0.002806730777012645
89,0.01400771599231661,0.06438691341498778,0.00794466618965406,0.0029817740935146448,0.06822373693026955,0.01209382669515637,0.033079263346284506,0.03372189339697879,0.14096536748821348,0.08782171947225433,0.051323145427587306,0.028393094094575112,0.006134696797034019,0.007324894255151245,0.17314733859620293,0.08367474695121688,0.006935668909836895,0.11683383657996034,0.004455646082480889,0.056550055286324306
90,0.0004796918192082786,0.0047398755174846265,0.002164366674686852,0.0036134405790878214,0.0016687303499519795,0.00037179818720475767,0.0044216577646261825,0.020072539002330126,0.16678690638813887,0.4208530551277594,0.2169967768308316,0.0071422506547397496,0.00011430954584789377,0.03943903627225143,0.005667427088685221,0.0031581573784827616,0.07768199983184017,0.015001366985154712,0.00765785525715138,0.0019687587445363177
91,0.003300529687833151,0.07486170447163082,0.00028110883433703915,0.009568056769602169,0.00020144849295562783,0.041217723738200936,0.0058151891196458316,0.0916210199492718,0.0013104848734294273,0.005484228128200176,0.007399833871030835,0.012666494510927488,0.002436760293192761,0.0008510438305118726,3.202035058311805e-05,0.02665952848627577,0.059658326383853266,0.6491367709905752,0.005725661208394895,0.0017720660095478606
92,0.2619419936123639,0.03041283879089716,0.016205980676053996,0.00088500290136438,0.0005094710129315734,0.059404650868802755,0.044325909553025435,0.003460781743987115,0.0009730843412217774,0.0020499946611566787,0.006186266662329527,0.025902548455326167,0.004015880291482955,0.008653659217646457,0.006624045992463673,0.48305091250939386,0.04395751022234355,0.0001288571955745948,0.0010932773044883032,0.00021733398714624918
93,0.038934722913950746,0.0210475038899566,0.006548704661467427,0.007107939199308249,0.05874089787188234,0.0540641764726126,0.03596942651566838,0.10854983207047655,0.0027302758175631273,0.01906529655961177,0.06311854623254189,0.05547150301450557,0.22312653466229224,0.010379960102896704,0.00017043287949520126,0.11277121468255583,0.05786318185972591,0.09498751527157477,0.006859334148854164,0.022493001173059957
94,0.11171995767625091,0.0287025621689983,0.009210028993608264,0.005634159708426354,0.0015780201022629588,0.13034601240227134,0.004312431795525288,0.14732014038803684,0.11769674623171995,0.17669853488760853,0.03427018773680898,0.03884440754529429,0.012241081460629964,0.012281658410287881,0.011341624222884015,0.061577181804469576,0.03361278836865338,0.05588627999267207,0.0040354666345574905,0.002690729469033357
