site,A,C,D,E,F,G,H,I,K,L,M,N,P,Q,R,S,T,V,W,Y
1,0.018440815816782058,0.01791032253819075,0.02869522133533071,0.01753053562127421,0.0359988479995526,0.00836462823571279,0.013237596059959127,0.05193518909312652,0.045065015010286924,0.031674485122205796,0.4900058412300696,0.014972011810897764,0.022917150937966157,0.01983104068729066,0.01462835492437658,0.027451607377770745,0.03743445479897956,0.050800488898283695,0.036107252719900805,0.016999139782042923
2,0.017338193019562496,0.03253014365838655,0.05045019139472298,0.1851251868457813,0.021466202649715438,0.028171243137280394,0.06100864877777854,0.03281137264327317,0.02390172708056403,0.023142044658786488,0.14004359415586123,0.12099692715027267,0.009085940747008582,0.01983819946978206,0.015369760720601052,0.04084907541282156,0.014789861307121491,0.04709769295888217,0.027363170051247544,0.08862082416055024
3,0.029029137762122705,0.03020978181323042,0.025665941699822264,0.01509295822098434,0.04475704135251198,0.02832403151904612,0.0457818438494165,0.04866061926599368,0.07784366534800179,0.04147025154142742,0.0893259903112998,0.10304662666308716,0.01279085312205891,0.05485070070489571,0.1684619987895144,0.019203210785379347,0.03517583218512269,0.03851684938335992,0.04920566887846692,0.042586996804257975
4,0.0332972000010149,0.07383642038133621,0.027468359271092285,0.03655454582351814,0.014196175824167712,0.06477987229263243,0.088802194884209,0.12339778416369122,0.018914210129384195,0.05346175137390763,0.04703262443117149,0.06255411644100632,0.008326939744833945,0.05978223653414,0.009619607703323948,0.02933302416820585,0.17033820566998847,0.027778167949315855,0.031279738658667726,0.019246824554392652
5,0.06288270437942699,0.06516435260205419,0.011698311895531053,0.046945319661800024,0.09641255567449795,0.01634094915196004,0.03600124011888964,0.08465976971676903,0.08208331994491085,0.05399926842731415,0.03135233845096624,0.04569735908423417,0.009105354108243197,0.05197939790274477,0.0616393613207698,0.08271012801612938,0.05606373431394995,0.04725413606485834,0.022311981643157314,0.0356984175217929
6,0.06033479367760162,0.03735109714338128,0.016575752350556184,0.07456108940063816,0.042485827103230935,0.015939701906331528,0.055891659827604634,0.06825465294422148,0.061085118493094635,0.13035037057770557,0.01750681006128228,0.0321117162457893,0.01779033111624215,0.11724165803731967,0.05149852848905693,0.020362727846247815,0.05435115560736137,0.02852848722665473,0.036505491203755965,0.061273030741923834
7,0.10452006463766689,0.053397679333685444,0.009109704648676569,0.019980356164965813,0.13699936086723016,0.009684856602875373,0.008367303476284652,0.130548737817303,0.018410094292278637,0.16444094384885188,0.050906488643737834,0.021653710248330977,0.010871186349235637,0.007931902137185504,0.00722792093049972,0.019877181033534457,0.10841414494739028,0.0679338792074259,0.024419527295558654,0.025304957517282633
8,0.028684085224071686,0.1368488859162059,0.02786381407669886,0.03082610585725964,0.042102880689279226,0.023274581157247665,0.022456761144664508,0.11097169226030514,0.05673292411906988,0.04180811846581125,0.09837227046746276,0.04226089980279447,0.007518506852605332,0.03688337271676096,0.11271798295036628,0.023269507857519963,0.01840999628880333,0.05996491556925591,0.02298141481370951,0.05605128377010773
9,0.05137192478427097,0.04894027281512664,0.06442024744547278,0.09637592887387354,0.05074999847899117,0.020903564388436508,0.028100081955970815,0.05288392379760556,0.15793140269569836,0.024158178766418348,0.10103019164119664,0.047427693952392734,0.004578566131408085,0.011141908384367918,0.019776986282377822,0.053245550712476164,0.04025960412206068,0.04041815290978807,0.03595818593295975,0.050327635929107446
10,0.047810973265289235,0.044878301437249225,0.02589262506167114,0.035811496085322636,0.06884730853300823,0.05961444573575253,0.08435030483306195,0.061390500608980436,0.0546339466530271,0.0664341040729648,0.006183413673841162,0.03205668050803314,0.014728142007460103,0.051775995240963824,0.05801887521291066,0.05659271980274636,0.04632941221718854,0.040891531195840214,0.08521593765014557,0.05854328620454319
11,0.024240308859423725,0.04460949492307453,0.021618358873100946,0.01021363361429657,0.06160708093855636,0.01046959658471603,0.0440145215041379,0.07129725108953672,0.036941361183482464,0.12916321452712967,0.16798311825853454,0.03467609560639998,0.012249461056183825,0.03974329683018383,0.016426889740501358,0.043829175375089506,0.0669041077834135,0.06710050925756429,0.03765302695790298,0.05925949703677125
12,0.036655754596474556,0.03592404030196045,0.030947210308762185,0.0617594414415108,0.07315299604740896,0.047222853411729604,0.04483144701085897,0.07705192868607226,0.014468132392204618,0.0386287457472478,0.08105571443257796,0.045494755989254614,0.007116549832998074,0.09333498364971395,0.02097953672895479,0.07418966597795233,0.031179520969786753,0.016947357812687962,0.03420316068964695,0.13485620397219641
13,0.03326070219566356,0.018009124189658925,0.03363179637913593,0.11469283511885098,0.04229739685595499,0.045160718821461686,0.050289172882485585,0.04934294973462414,0.06271345655210546,0.0922371986190767,0.05592403890467488,0.03982720444513748,0.02230097010406334,0.10807979832774077,0.038727966555128675,0.044723165896553375,0.01709006647352372,0.04278345588844171,0.027560076417389907,0.06134790563832818
14,0.08365659491516103,0.06230724341927135,0.014380760213023322,0.040454929391748745,0.04956653063230291,0.013412795900443038,0.046625530623643,0.017683185779608947,0.034513215409282476,0.012162378359428433,0.05936814812565564,0.1003036696129161,0.032019291344171634,0.021456841792978604,0.03327977268118474,0.2428001209963674,0.03889247398652867,0.014984634528760393,0.03441797634968576,0.047713905937837774
15,0.05166022216543378,0.04696315160001502,0.020746321867208737,0.02584660978307472,0.021724370097026626,0.018626736383444815,0.03903008572295974,0.015255103422700441,0.06845570074270615,0.047579102829695206,0.03705901556994597,0.02093796562939629,0.013926736853566523,0.021421812179082737,0.4093436836202445,0.0531160170033765,0.02733664546755266,0.015457974066975815,0.023352927070945106,0.022159817924648634
16,0.048321082985840834,0.04912774143477622,0.013509284537242842,0.04236058718436083,0.037925645729603934,0.019906190319530684,0.029699523759220404,0.04401354517221542,0.01958985106717843,0.037664947927643466,0.08410632382880467,0.04727907232479502,0.0453890127710161,0.11213932812230816,0.019404245103018695,0.07821984646124085,0.1575726828881867,0.028116393397238,0.04781589072319972,0.037838804262579066
17,0.041085026036519465,0.07231498248845337,0.01353387769319798,0.01263138223686299,0.013574370412567427,0.07533311096033542,0.07121213213169136,0.007912309097265452,0.011199517232811282,0.04910612648727839,0.03344179687071851,0.028156934895676323,0.00949812039875927,0.01170673122234849,0.3679733862088375,0.05758327858815682,0.027247139603995857,0.009588374088546138,0.021532390354173304,0.0653690129918046
18,0.033512533346278205,0.023020778566417446,0.04954521212447927,0.4263006251454082,0.013330623664817956,0.04909254246628575,0.02284506338191289,0.01591835303385374,0.05685228657348657,0.010179406340896972,0.04487968805086039,0.01737830850985803,0.00661520139554297,0.022131233400056283,0.025740305095332493,0.02500892961946653,0.025187421905487718,0.04644917970747492,0.06214047565086106,0.023871832021222616
19,0.012765904161708681,0.044703570938876974,0.02966994258665781,0.03704955948547765,0.02261845094921691,0.01303574759743927,0.02196239434415151,0.3780694689727872,0.03075287368410019,0.02104983814662426,0.061780784893504116,0.024367428131687862,0.007884465024310356,0.014552455298828934,0.020444638995213524,0.007447273872499507,0.06013126284968349,0.12275852836667467,0.04483636945971234,0.024119042240844723
20,0.015787640896765008,0.125932397943374,0.019078186580008146,0.011886006158064663,0.07402918455438018,0.012947097798377378,0.017167146130362403,0.09213334841860633,0.010288826733171108,0.3509468541461654,0.04487475176665664,0.01588164705035599,0.021803526728099525,0.020623805927596217,0.014959505901134021,0.0064839759537668115,0.02060355621111117,0.06359594806872605,0.021449599500449917,0.03952699353282898
21,0.03694555389484001,0.027735455981688972,0.07249977537734575,0.08086987265697666,0.06822459948816788,0.049211035964577786,0.03831903113013893,0.08500715973209318,0.023948006238034298,0.05534383972818783,0.04916540801085476,0.0396017065721972,0.003911045063368844,0.021177896478364655,0.04392966594918529,0.07872743632629438,0.09139200167022266,0.07277536104584266,0.02964629037295946,0.03156885831865884
22,0.058358779714408233,0.04874670760505595,0.06416908746699883,0.048460081816756734,0.044262502619554056,0.022493337013898326,0.03904388731356661,0.0638388258398781,0.05144662486821327,0.05663878918254397,0.08952297628817112,0.025006429704681397,0.0029301023998450294,0.03852467921484018,0.05753013100085077,0.05376816817283695,0.047339653231047274,0.06032481590537362,0.07621873792353039,0.0513756827179492
23,0.03443963972354405,0.07345387494226799,0.008871846543040641,0.025368357472543734,0.06509909912364714,0.06339221261179871,0.06270516650154363,0.04464492973348592,0.03150886246647084,0.017667547177197835,0.03561467292090815,0.0600937058385923,0.007462494627262085,0.04959539423056523,0.042024274815432035,0.0753202538988575,0.1820970639180467,0.0453828725797199,0.030209073558665714,0.04504865731640994
24,0.07010167461766614,0.015662289758043763,0.01806454016351788,0.05263672025541077,0.02361697888561617,0.14189681221385322,0.07350728148006759,0.030823100722604718,0.02088256582721403,0.007168042071629452,0.031078016795416514,0.07670712238750461,0.034690621635318594,0.11992321122097065,0.02466767910297368,0.016678132018733836,0.14515831449650143,0.03334969577095298,0.04568502530298041,0.017702175273023545
25,0.055385822665011554,0.022106917929696605,0.006802566225223815,0.007441808696513643,0.0064618538835056775,0.010660938302631725,0.007212392738853601,0.19099970796505414,0.009829080275960366,0.07804481281974568,0.05090582083966364,0.009026167349620471,0.011732253207932176,0.02798091879838807,0.005944353142542669,0.07673772091491059,0.2421825309387121,0.13656210539735358,0.023178553937024827,0.020803673971655067
26,0.019442775677485088,0.03255223067434348,0.4642196830304073,0.03603753428509421,0.018718608650372854,0.02299911585394544,0.02750587751348495,0.06561621287212234,0.01173408850977471,0.00964067427854941,0.03653344239371089,0.06428000238334884,0.030505086944069237,0.015311530967780386,0.012042683179639321,0.01137883002596224,0.015101229453841533,0.018279198551092796,0.03856719533442698,0.049533999420548015
27,0.06066234948942565,0.031178053940512415,0.024358576706936117,0.023497228923104005,0.019782452013338638,0.02749269916313944,0.2825801083958314,0.08362557251273851,0.01857732571617399,0.11708103078275911,0.04813301495570615,0.04851239186090509,0.013798699361425748,0.02103254595721796,0.018234336760088298,0.028433250745462425,0.05945491758733034,0.020658992461890322,0.018205730948708528,0.03470072171730587
28,0.05040088219183031,0.12569386868318286,0.015604118324432007,0.04398106433058399,0.025166390930573112,0.09295051390707072,0.014069916254926143,0.04788887741597872,0.05616330097149816,0.00394503881677897,0.20552721623408057,0.05564614230856371,0.01250495351790866,0.05268631465181154,0.014476382722104783,0.05482827718637842,0.0318379992407238,0.032478635494478776,0.04288285161747735,0.021267255199617367
29,0.12863636507715373,0.052795029098784425,0.049929905357107146,0.029327441601261887,0.06230536583180713,0.031640500891056224,0.05086517618676523,0.03511037901943841,0.06948938655315617,0.0654968394701414,0.0512349439709899,0.015668399932735725,0.010663266665029753,0.03921712679913625,0.020319883563262694,0.05157686358463426,0.022808115617126524,0.0488759044030763,0.04410995406250277,0.11992915231483407
30,0.017470390381934105,0.06867734526552648,0.008772845378508818,0.01724850508027479,0.0193367149242884,0.01765482750803072,0.061058571940086466,0.1384449460188457,0.030504202353899678,0.17207028281072514,0.09209085164342072,0.06262005253254628,0.0023968686414629673,0.03463862689468756,0.0026447344519240413,0.018232204380104748,0.06220595102659645,0.09155570155971733,0.07433309238827494,0.0080432848191447
31,0.024698996931258658,0.08567376313275393,0.00619515704282242,0.0073776310014821225,0.04575812079722646,0.00593485167718965,0.025100661595918176,0.10099515294060345,0.010380703317729284,0.17515736178021715,0.14269353962636586,0.020057853119827086,0.00685438621447965,0.029405213099984912,0.007388705478018368,0.008533897298693164,0.033336458014370074,0.0876995186137225,0.039608211608278966,0.1371498167090582
32,0.044483395486248155,0.06480669963318524,0.02038590209998316,0.03406801232330532,0.05136092275722757,0.05428275583787582,0.05104571033798189,0.035634794060979476,0.13503745792981364,0.026933051499597436,0.07019946509279001,0.03358606985093516,0.007403578612849396,0.032835771301248616,0.056031584665199086,0.04907597122033897,0.04718833580430921,0.058914292420311244,0.04615566363162832,0.08057056543419229
33,0.02258420945995886,0.025037125900647564,0.031628499209450676,0.040523233536121694,0.07342996622879654,0.03753809880288178,0.04800099907444106,0.02790753607987026,0.20111627598938495,0.04844675163401951,0.11332815363172581,0.021131011957484753,0.011488562399657275,0.020769639124279635,0.11663672445407493,0.027717841914619606,0.012623977135254073,0.015699547606339247,0.05537749246268627,0.04901435339830552
34,0.02180836899130133,0.037267048503470054,0.03385382293293538,0.020549119500692086,0.06757883753678956,0.016308544240040194,0.08043757774225362,0.04390426616874179,0.029361971866815356,0.026283424145585783,0.052007850710174934,0.03228469066240172,0.034901319313425966,0.016331203190247848,0.035458965825653666,0.03417936661326331,0.03174993054550388,0.025931634492725574,0.13936219678809963,0.22043986022987835
35,0.02739243448177936,0.034981748462295674,0.02916000644820957,0.03144118626265694,0.019500080894527604,0.024466813705918532,0.053183805287785706,0.031190342572324975,0.05132896525130981,0.013074435183653683,0.02771821358811788,0.07193234347057098,0.014966278806215136,0.04159663740526536,0.041301475939884584,0.18913204153437527,0.18600597770231664,0.021848133102185623,0.06467009970401044,0.02510898019659619
36,0.02219846322298419,0.04711373628572521,0.01501767572816312,0.053128053586790285,0.052144023624473644,0.032343378869450545,0.029912870159007027,0.08856014152973524,0.020525482579125363,0.056619100967673495,0.0278305505555945,0.07500710519599231,0.013761272926137649,0.06705422250647368,0.014174460194468027,0.13086509191529527,0.06510529263314233,0.04168562287012884,0.08842043455715735,0.05853302009248192
37,0.05251253896123254,0.05143360269588254,0.007561764439167424,0.022374531464489412,0.055256708943374255,0.09223061951352353,0.034709660253695575,0.05648671499501504,0.06329840765650231,0.08154899655476612,0.05254492277734465,0.04327012330596013,0.004665405210973812,0.03994338541885089,0.0652719205341602,0.04352510521026728,0.029578940748537206,0.08209128129116516,0.0352038442974257,0.0864915257276662
38,0.025277388201880274,0.022769347570405624,0.022450663236869048,0.029250466822198135,0.02594954144215567,0.02732118423922521,0.04457262591309266,0.04851617124818377,0.038858295124583976,0.011885421794798484,0.027414106990953802,0.016750339935116182,0.01558073951086021,0.0232435388035033,0.46405882345467214,0.03816444981049556,0.023989778248763836,0.020111096242989637,0.04017351721972431,0.033662504189528084
39,0.05774027725403604,0.08231037324829253,0.01791727067821135,0.016476384229847766,0.03713705279081963,0.013254057292165812,0.07063944250437451,0.08980738918120494,0.03711913225436324,0.051337577737659096,0.032172208885189124,0.09342735610007562,0.008201398857745673,0.1033698439268851,0.020787196655608103,0.08031209470651945,0.07559748850179582,0.03876365648545262,0.02577513085055318,0.047854667859200395
40,0.043772020490971654,0.04962879033760841,0.08748516866012325,0.2738490028790183,0.018500011410009988,0.03636925590238569,0.025748405975137775,0.017486620842631053,0.06249519746125737,0.02500316214380967,0.04224074518902726,0.02987541585519719,0.02266679915842935,0.03893684207583636,0.011441723222843939,0.05646226278739824,0.07651296385115104,0.0229790488317495,0.03739711099107684,0.02114945193433712
41,0.04215879462999917,0.0277603676888333,0.03458175460142182,0.031873607100997466,0.009772427545787428,0.033261642214544605,0.010461632591005026,0.016405067858783193,0.40427448487314105,0.0229408805298333,0.03340294727634805,0.045704504525530355,0.03294900785348224,0.04446946060568711,0.05371940305152573,0.032010980107413406,0.01785569513747422,0.02987088799781215,0.05230188057657989,0.024224573233800478
42,0.06978951525192088,0.026500719598982463,0.043166702053991896,0.02589930605172754,0.015135933212498976,0.045105498291383966,0.019382143537413136,0.03055825236569722,0.0700663447314004,0.01580274881579484,0.02846904254904467,0.30820406063963035,0.01099675826775476,0.05196213043646869,0.021518936352849915,0.09849885823884891,0.02127164935246567,0.04104917791744025,0.034073395186811246,0.02254882714787429
43,0.05014393802491438,0.03751689650526233,0.01650106883563097,0.027710966338099368,0.07561241765313363,0.014833540094317853,0.13466811069065862,0.007527109352576039,0.017732643881177474,0.025553175022147195,0.04458041458195624,0.020697603387319418,0.2676483891675799,0.022850633651239346,0.014186688410719498,0.04843118037340166,0.05208196731283382,0.021605466114829146,0.06435367060388336,0.03576411999831979
44,0.15065746539798305,0.0769654855140658,0.011468268110301591,0.05164529357988934,0.027803688311272824,0.031238720570606227,0.01933849889165529,0.05513346078278594,0.017176417853103563,0.08270521743267162,0.1742519745646973,0.030419760549044397,0.008686244293089966,0.032808798777268666,0.040149946661877454,0.064378602322753,0.064425683304071,0.0316918626369847,0.019675041936215394,0.009379568509662909
45,0.008744233067713846,0.11791091956271015,0.011165707793873792,0.015169487022481188,0.04845778113533877,0.015687117686531183,0.009876856238867247,0.10068860053669754,0.008944950090257732,0.19980961255917243,0.037812707951847,0.010158207851825932,0.02375783358893957,0.019625827683091557,0.00974544106309626,0.005696371559425002,0.05518373226702844,0.24779871400454923,0.038622254266911744,0.015143644069641386
46,0.02087935798338519,0.012261781034146893,0.0168299808741999,0.022213974962291317,0.02366691580797725,0.025067984849253166,0.035014336462616154,0.023119984925987113,0.04324188097586205,0.022776163469891836,0.053219125804400906,0.042499484962036926,0.015457155235925864,0.018404865023864597,0.4363403897629368,0.05227562985929051,0.0281584689261256,0.02824392675687756,0.06979564923219987,0.010532943090730558
47,0.12508697167372873,0.09469456464516224,0.013201813790475471,0.008963499911656273,0.014945084402195505,0.017276716730217485,0.012047940323134665,0.04959731298994464,0.022833410125732385,0.06414457203703465,0.33330053428551815,0.019537583129578043,0.008013209462214595,0.05309411427023094,0.0190462897395154,0.0264138721977614,0.04098525499059667,0.026233191619001905,0.018904691288475477,0.031679372387825366
48,0.10031487432361509,0.037262032930471124,0.015537164569529263,0.01654915516695402,0.053107588728164214,0.02911542744561142,0.018676612544122277,0.05087494431543488,0.19957066809387905,0.023123817029428995,0.07102146913302475,0.03510089341002425,0.01833174879866926,0.05380017386891469,0.028596447307394468,0.0533179762981878,0.05244545758737504,0.09881898200274608,0.026557562634285336,0.017877003812168033
49,0.01867309608459584,0.05055659547040978,0.029437525161183167,0.01630618885972719,0.02737868778315376,0.03602009175490319,0.028877979153412673,0.021862041522784887,0.019060466075325345,0.04581566249210734,0.029830907554842707,0.019781341771307654,0.012177983038193075,0.011734309788211368,0.023682109450519146,0.031234681687405192,0.02120099713941011,0.04837623224889059,0.46700720232484255,0.04098590063877442
50,0.07579637895056643,0.049669338143712306,0.01830171465022588,0.013702709493911842,0.14722927418441087,0.01747708220658251,0.04250471233296025,0.04938931970014235,0.022363212113012246,0.03997157344234778,0.13337528706103055,0.03085586024400423,0.006119371750441891,0.031688365473056264,0.02422078709471032,0.08189337821039626,0.06922767207575424,0.03360330309672372,0.055727315195853076,0.056883344580157015
51,0.028727120792561813,0.02667600858562913,0.014697599965883346,0.014775906173974666,0.040260131428490935,0.007408674148976709,0.026007570384210543,0.04667254210614088,0.0914725129865495,0.0646686075822963,0.18181759420051669,0.04157455600847248,0.013905121643900962,0.10082429418363686,0.01976431978050124,0.024076943708797177,0.057509829832779864,0.03658034410281514,0.05479612642969558,0.10778419595417021
52,0.1660151953947404,0.09802366398167024,0.00830290517335241,0.051786879953196537,0.0284470066367066,0.08663173165180443,0.021365710286079063,0.008456606162623989,0.04018651790545436,0.006529927820043902,0.044722747291370324,0.06398548412537455,0.037755030999490416,0.05889283894834383,0.014478245844947857,0.08170214738317838,0.03864320297742645,0.0900777238538421,0.030140727171187053,0.02385570643916711
53,0.057954650910057824,0.06275570385218844,0.028168487000853577,0.015772726785170537,0.02513516732192427,0.11231502336952387,0.025946158917665513,0.0515914136189064,0.08770130048833108,0.053640550538423655,0.11710813886047866,0.02787610608710962,0.013506740907101482,0.02851339628755641,0.02019070234634483,0.059900698910713535,0.084560047107456,0.03892064197826748,0.020235944581841997,0.06820640013008483
54,0.02340568166864335,0.06507091265930852,0.011820157529355937,0.04352140480028701,0.06571356846984788,0.011202173508076502,0.03654844311622971,0.0401863739215271,0.15965537242016603,0.032087569297052025,0.052760141146095146,0.05012855148622299,0.010739919749127093,0.06405622080801579,0.11869443614523027,0.018426745815336404,0.048776884804702686,0.03879029065144271,0.06321590056481811,0.04519925143851474
55,0.05739467412589125,0.0536322452701572,0.01701532965723099,0.017661407779112532,0.13670485349202488,0.0146542291815311,0.11756736698041931,0.018433075708899734,0.022287920332112993,0.05781808621095846,0.03079546603506585,0.05047072224177498,0.011639141571419159,0.024322307820414297,0.045686302487557846,0.04694237920645284,0.08778308887312812,0.041056334879082695,0.031985373182965834,0.11614969496379997
56,0.04498558815349021,0.04882919077068002,0.013060593459104564,0.02279383932354508,0.030917662088160592,0.014434254338043623,0.01831633070457965,0.05499876583162949,0.022663785474997145,0.03524371184006084,0.09288966883937894,0.09126948313529992,0.22397069122646743,0.05297870798247254,0.010973093872177262,0.07510324115150718,0.057464559198932535,0.03782093567911644,0.040395845048762265,0.010890051881594283
57,0.04210303124054756,0.1370488132832204,0.013402669183263022,0.011127460436694278,0.03675003281607179,0.018719392162273068,0.01624762285571311,0.15964601018230404,0.01380355788528615,0.10754067736936239,0.05611526418176111,0.0162222365435054,0.0147524514067297,0.018761299287820474,0.008147870732848271,0.03542083657320155,0.013887591560248635,0.24069625775838507,0.026411573121348137,0.013195351419415862
58,0.08173593457635182,0.12451509913763863,0.014676337348571914,0.00903445475135465,0.013596391008465726,0.06781720566324137,0.00467609022211165,0.028653587465054035,0.0534261673042686,0.00895881501917004,0.05393324065190033,0.03279545600545857,0.01795416078402383,0.022242457807434415,0.023505949636408768,0.1347504178854527,0.14686601721069434,0.1285054514179312,0.01864376085114401,0.013713005253323404
59,0.3339052132564258,0.04633648349394726,0.018715351827396705,0.04916494327960146,0.017753296954839983,0.13052649954476198,0.030833733153584914,0.021819715191131406,0.02245269874855497,0.007803562868558944,0.032645565296039236,0.05145530691619013,0.015738884488262325,0.02016969677188426,0.01590552741225192,0.045590241976770834,0.04847500992437461,0.02027727421081886,0.04038165659449968,0.030049338090104627
60,0.03480366664174971,0.03734398375755066,0.04368379953551533,0.036489999238572234,0.012599896554309964,0.030781366314756215,0.12019277457981599,0.031108982475220846,0.0703411795201295,0.026844282829024065,0.15242002577095115,0.05793376741633674,0.009219058211850518,0.027279503950488764,0.020723237037511996,0.05942997344720452,0.06331638453220033,0.06521441766924696,0.05196397199516778,0.04830972852239671
61,0.06518967997275218,0.07148609824187681,0.01554819770846573,0.07432951059411141,0.025421702114992326,0.02917002330435774,0.02166042522049987,0.02014803633006864,0.08261757408940755,0.03500675144595793,0.06465728736493899,0.045419650605934024,0.032491851443896894,0.050114407031611165,0.10821816724028162,0.05243627413032225,0.04609756845591628,0.05875747073317402,0.05363636384416298,0.04759296012727159
62,0.03582700721802425,0.04285188373626287,0.0208048831840369,0.08301475674632419,0.02428488004996902,0.050724057931746565,0.055671045006632836,0.10031612162309601,0.09576513717455427,0.03748110055264619,0.04742375303760882,0.0820155262882715,0.020301997795455527,0.038862599615894805,0.07956554625314653,0.0522240168610577,0.02253551672964554,0.027052719192741815,0.05824215771865197,0.025035293284232693
63,0.0650795370602843,0.11432539386291957,0.028338253980685627,0.03570778952711714,0.022277565385448464,0.027069424985691464,0.013510858447909955,0.18794940357804316,0.07869542751613974,0.0792161899413426,0.041554682656504006,0.015535161159415964,0.02087302302859667,0.02867530453496701,0.04980531351909633,0.08049682273378785,0.028256831679399883,0.052163769682824324,0.012634060405557146,0.01783518631426886
64,0.04602823242270048,0.0654117187769882,0.04383938710198818,0.09248725712181534,0.07999281574098878,0.03516434422942238,0.06903067210903636,0.054977473264958644,0.05468928994547497,0.030405541658673558,0.05507965273601138,0.06555062591115682,0.024670197651195633,0.039660852211902194,0.0440424463924135,0.043568958226137565,0.0405442424079221,0.051950210596298375,0.03155094400231105,0.03135513749260447
65,0.030649734972154462,0.05283652501700133,0.04796490456965719,0.05840665561407573,0.027530327638040374,0.038886628894796355,0.05158104401412744,0.044500099553226306,0.09121073896974059,0.044000559171086036,0.07231824250874584,0.047950638080414054,0.04385134593290944,0.07118488619448199,0.039881563924370395,0.0571990222112572,0.044100432515765446,0.04154477006804193,0.029024986531321854,0.06537689361878606
66,0.053079164275040204,0.041562802394102566,0.03176625924512471,0.03750239854501092,0.05176967943144387,0.08907570504772595,0.03632020179988055,0.058347151153750776,0.0497481694203691,0.09099637657442754,0.06854933571270529,0.027868510034178413,0.014324839854836832,0.052546955937710284,0.03695729353478745,0.05549979681704522,0.04133259074749013,0.07424662198593038,0.05999921619074514,0.028506931297694726
67,0.06646313564852653,0.13848321789414392,0.014898237850552222,0.10635406234294242,0.029309745049087715,0.015902203359290257,0.017917385669194402,0.1144977075740084,0.026201911876470318,0.07720578320485866,0.05654910869467053,0.04928934497877959,0.0034337919672925155,0.034829157881655345,0.008575676268364254,0.04662896956662299,0.06473560767575642,0.060221851180709614,0.0277807627384915,0.04072233857858233
68,0.05753337658419764,0.09133637263328864,0.03662553563728075,0.03787312830277422,0.02204425835921094,0.017181757894786907,0.0662396798469567,0.025759170564345263,0.06730363946928329,0.015034192617196051,0.06635962093270116,0.06599788986227462,0.16529673693531644,0.037166868197856286,0.03810607774513341,0.04595939941891499,0.049030619916723854,0.05636697746578643,0.019372394894940536,0.019412302721031876
69,0.0524903128333212,0.08055381569431333,0.04792500122783668,0.02783946649964184,0.03053340170294054,0.08775701005137038,0.061174931319892066,0.020015892861858574,0.06049650350088167,0.05851104688297828,0.03895794478231526,0.04532003772525339,0.03213640368662677,0.05173507193330768,0.06169339416139109,0.05390471616827771,0.04253313735347992,0.02751719363795323,0.059243476514582664,0.05966124146177775
70,0.021151750258543905,0.03298321564737945,0.040223901197430155,0.029966516804726336,0.05668674168720089,0.06743044136358552,0.049137610921349585,0.02632801662548695,0.051417644841920795,0.043518140529050835,0.04951429430583947,0.02945466189418472,0.016317111839968364,0.09149788609009706,0.1635869903113436,0.04959243543151683,0.035434647350458516,0.03255636806162695,0.05920441541240945,0.0539972094258806
71,0.023101136131022784,0.12117225362105509,0.05137096702223471,0.01589744249424913,0.018795775782583273,0.0526598541486896,0.013198542723087986,0.028944820416975253,0.021225614920754865,0.031900550167095865,0.021989878690791078,0.30717150093280726,0.019544156611217407,0.063979814712794,0.01413006148176295,0.04714616982077838,0.07570673874872798,0.019056695394717802,0.024545070896272354,0.028462955282382258
72,0.07351241019164943,0.05732263200608528,0.06738768476030145,0.07739378867594089,0.027004157808333307,0.07040651513447109,0.042647338399750816,0.040705448575173525,0.06394819637100917,0.036482247128881526,0.05179441536171656,0.04701584974679096,0.034600455551646946,0.04228111017046296,0.04729521726209352,0.058886462738370886,0.043637379102209474,0.04199380041834198,0.0645793151844449,0.011105575412325356
73,0.03375763566757115,0.07710468384313736,0.035992202292473845,0.013807625305000371,0.030929916164270904,0.06469718538327396,0.07434030265459049,0.02285257200134651,0.14125265677356932,0.0313408405710883,0.044284435597893114,0.04380558568766681,0.057698793506402335,0.05672808353629083,0.025300497484911023,0.07288303345121756,0.04891401263057282,0.04239596846379299,0.05625805927868433,0.025655909706245927
74,0.02047977709954044,0.1164851239138215,0.047184460458996935,0.04163149973136716,0.05527396861152049,0.052196385934744134,0.05708199073514963,0.0149281944558182,0.03550893384401513,0.06535554715392117,0.08172589011888158,0.01275316613744569,0.01372246397905126,0.051983340111084485,0.057054788598444595,0.05435840242367538,0.04289039327367092,0.057799629256456826,0.09682304773371118,0.02476299642868331
75,0.032850733512043866,0.06553270119683675,0.04125980497734921,0.06797641119060861,0.09138442828919228,0.01864297682789535,0.060985337512561695,0.04136672046540694,0.04607721292996713,0.04128428756483787,0.06330573650494335,0.05004005846393694,0.00643484654252995,0.06710066277536285,0.028038377688330066,0.07398753464143976,0.041909232323033285,0.0571506411837443,0.05542367117729738,0.04924862423268239
76,0.019132028678393625,0.021225812355017328,0.023249602810038097,0.07474702521536082,0.04434107417824789,0.05639299744532267,0.054045176909340596,0.05119447875906614,0.06283381277294457,0.03972471838090644,0.02228430372074249,0.04540458155565253,0.034263859246532934,0.06022507737944812,0.0833953106828757,0.05144288275714845,0.05690453450955851,0.08307169772378396,0.06888767049007281,0.04723335442954631
77,0.03671008922261768,0.05753164973445273,0.01080056083956521,0.00872198533394332,0.09879541666764308,0.007492524624137211,0.05529163786556873,0.1286692928804539,0.012625801867860933,0.14003949400648588,0.08616041984316358,0.012884752369645898,0.020094637008040435,0.03339238233017875,0.011660308304861684,0.009165212543381013,0.09536233667525283,0.10457020939379541,0.01951749658757316,0.05051379190137853
78,0.029915482831490814,0.04711305241380345,0.007634570041169154,0.012328793316511799,0.04506166428870084,0.01581055500168319,0.05134659682879481,0.03690952479129551,0.034096487448188544,0.08869005779651055,0.10968174646937356,0.009896684695293548,0.005130640731103042,0.06334787263297989,0.09250462047654177,0.02044042475722024,0.044559993278997706,0.0674894555227737,0.11146188860222721,0.10657988807534065
79,0.05534625764815274,0.03189702589769743,0.05921839825526485,0.009866669310067426,0.029164149727568308,0.0473983647814577,0.0323785380576412,0.04570803841354002,0.06544721961366623,0.047365784137884635,0.05002608496222414,0.05633071193377238,0.004225719236012371,0.050160461662742795,0.04813619796160266,0.11504875772736799,0.09720686377961436,0.1105242239995388,0.035011162956697366,0.00953936993748656
80,0.04211021163168821,0.048182189209923766,0.028568119023662214,0.029264146592064014,0.060353152916500306,0.029385095775816942,0.07142068306054682,0.021272784032521752,0.10235924318156313,0.03754916439582345,0.03855355127593466,0.05087485589827756,0.03203454625217332,0.026658426935860124,0.11263379648941935,0.04626847603464482,0.03676739349752826,0.02380988495752119,0.028439563082699796,0.13349471575583036
81,0.027604485145391905,0.08874865050317719,0.00891846376134401,0.01880016733504301,0.035800349267783915,0.02703760192936777,0.03611368753806184,0.04589396554846306,0.04685496726651419,0.0372383157604606,0.07607055254436944,0.058432934110833966,0.002807474184897534,0.05255211175633082,0.085385826337554,0.0294926198886217,0.05010221570873468,0.06299601880168948,0.16947218822617902,0.03967740438518186
82,0.029361529971365836,0.031854862748094064,0.014561892354895231,0.03732845157541912,0.0471788444446104,0.035548191988077814,0.024306911151862443,0.06721191668612599,0.10524226185972141,0.05390393228009158,0.05488598058982889,0.036784495674824974,0.02886696716602899,0.053596117724862724,0.051816044447233,0.04990502575531902,0.05028897478030977,0.0549878180978273,0.09469296112350833,0.07767681957999312
83,0.015364152673428012,0.054503099673543054,0.4418411050934872,0.02618632918576924,0.02177842403720159,0.03274343600772913,0.027039905944163407,0.0216926090041904,0.023463826435782778,0.01102542225021102,0.024840048885451774,0.04873656100150448,0.014262409964714314,0.02972097659670113,0.018194594880614975,0.04165692037676987,0.031511696874993396,0.03864234548056687,0.02502639842593962,0.051769737207237744
84,0.20334331432217176,0.12888044633166237,0.04835054426974383,0.00604854008792172,0.03556242114415697,0.015048784896444031,0.015015454133763805,0.02627605379384736,0.017232494564839402,0.10605476242528457,0.031106850036091958,0.0178642381592496,0.07119491000463964,0.01902625613553353,0.016125914078918387,0.08036033815172498,0.05747780440149102,0.05127019516445932,0.032977425527788366,0.02078325237026738
85,0.16336019595284496,0.05058470936866363,0.02426472463991021,0.040245358760087724,0.032989847740798044,0.19016507348475128,0.03503082954220366,0.02442623420761326,0.011496327422106553,0.01442786468860028,0.09390851244434101,0.03308077205479663,0.027484730379868972,0.022444580602699552,0.015675250239287095,0.08858455093482243,0.021677558335112517,0.044020486906147994,0.033895367754395056,0.03223702454094919
86,0.03339614684448174,0.055799761205942454,0.034813910972200296,0.044811505069135914,0.007131654920315714,0.08204907241629932,0.014063257219330508,0.023014416571214336,0.03214927939325413,0.0209538520218102,0.0326460333908581,0.17599710414368572,0.02228796661791797,0.0471434376374855,0.0300529163110994,0.17103352514073836,0.0938951168789522,0.03026827915256743,0.025675132722834827,0.02281763136987594
87,0.056413387326721465,0.08929272485622397,0.08757765000291229,0.04451403428437472,0.08470920541848286,0.03445693677132986,0.04318425531478851,0.03774482795143595,0.02337290171643457,0.060385687778198714,0.05573023736186342,0.03358964550869211,0.02818516356061559,0.030781443771286915,0.042869379571265596,0.10297967079490482,0.04294660987153004,0.025044337890330035,0.029038583871023677,0.04718331637758491
88,0.11494480994090146,0.031695403231610124,0.018347912368281996,0.02356800529577277,0.02357164310172827,0.02730809174839097,0.05315621615560811,0.024883163887415388,0.07130439520049524,0.049259002402870206,0.04129350791587357,0.03453985813929546,0.01649152617468359,0.10051397627953411,0.23986847170100942,0.030387349558317497,0.015789767591655467,0.015615842039438067,0.04087929296031669,0.026581764306801637
89,0.034330053449382704,0.06304029924266062,0.027386727561737868,0.018533628656519984,0.06451109331153805,0.03237815445302376,0.0483471146278646,0.04871918755483606,0.08614218951267899,0.07133961053879409,0.05759402251655116,0.045492133513405385,0.024705942314500656,0.026514606228721992,0.09349720600693949,0.06997780790512995,0.02594399130256785,0.0799327905614546,0.021750239880435816,0.05986320086125644
90,0.011912696518594681,0.02967478907463923,0.021714092238711916,0.026633740978054533,0.019576684365598184,0.010762665333614876,0.028864349148481794,0.052741043877370115,0.12261542228818895,0.1772999094813074,0.1361708692214927,0.03494125316525834,0.006727056599989391,0.06902763160874109,0.03186506076138603,0.025242252384572634,0.09043230711789597,0.04696306787820018,0.03592529229334233,0.020909815664559617
91,0.027192951490204263,0.09432401712049181,0.010191386060247496,0.0415561043888311,0.008924290655879278,0.07436256089766068,0.03407741003935519,0.10223044627154904,0.01881994821267639,0.033290993211839474,0.03751175336622676,0.046470653478073755,0.02409642247636909,0.015845918768845182,0.004288628751376679,0.06251086024970161,0.0861667821225613,0.22304714230964937,0.03386739254105418,0.02122433758740742
92,0.14914699566277398,0.06324219301108364,0.049212864966174476,0.015450644573161821,0.012399061359129729,0.0825773514061366,0.07348407535255315,0.026602292239813325,0.016045932171293926,0.021592528716160225,0.033529667180697935,0.05932385389621062,0.02822678315752089,0.0383275814531076,0.03445569599947436,0.19033428487539947,0.07324011749992546,0.007169869622860242,0.016808090344261225,0.00883011651226133
93,0.052147709098938844,0.04081270011913401,0.025630929925298352,0.026481613181259453,0.061432667802430285,0.059435088396866544,0.05052743019769734,0.07846225962905455,0.018087336768581267,0.03923550070251621,0.06321752362374299,0.06004678018411552,0.10455477501549676,0.030794272045541998,0.005989401322802973,0.07966411412164916,0.06106526100316687,0.07439876700936664,0.026108609448686065,0.0419072604036542
94,0.08139351447251492,0.04736112136091434,0.030110948950724137,0.024756145493041837,0.014909201636028843,0.08655110954291721,0.0222546362186708,0.09087739293823727,0.08310136232100669,0.09770608209702746,0.05082773755916308,0.05342950117927655,0.033725325666668866,0.033769825109946104,0.0327152158785495,0.06419586131465534,0.05043697832840341,0.06176274138867829,0.021673740043092072,0.018441558500483308
95,0.18858984056245998,0.1765759545796586,0.05231546079106881,0.024814262334704008,0.025641754116519328,0.06574055908210934,0.01741076786369602,0.0064132524691023545,0.023008368981231347,0.040246473760006334,0.08278004351960849,0.020153925629878958,0.008878433494981934,0.013437311996832893,0.015689505522681595,0.05370435601522162,0.09043211194473288,0.045321080622367615,0.03967638020213165,0.009170156511006259
96,0.03794779191774525,0.09159137874421448,0.02317829654412752,0.048716205361462435,0.021912516732629155,0.013819890984642235,0.04769661558973037,0.08384758210801806,0.01898973725644135,0.13791019628445692,0.04618539221917147,0.01974918792007978,0.00908329058210002,0.012780107967946786,0.005906718845364204,0.01667617545166185,0.07134226104026413,0.2376024736348895,0.035322801275966535,0.01974137953908797
97,0.06703563528988367,0.04865446179860574,0.020853296181520504,0.018363142578419905,0.036930901943257564,0.018108493772406847,0.017706869401479915,0.04829274350163548,0.04824224741705121,0.019731515325868827,0.02891314904059965,0.03525683146920944,0.018642305867409403,0.053153848244866325,0.020629673769851312,0.19187574972246688,0.182782591801422,0.07336500985063442,0.039207146612405624,0.012254386411005248
